2 2637.374 6.071218 9.178719
3 1706.023 6.704008 7.612973
4 1306.069 6.810968 6.795851
5 1077.307 6.755931 6.232784
6 926.9296 6.643965 5.826250
7 819.2015 6.515316 5.528141
8 737.4023 6.386517 5.304355
9 672.6717 6.264129 5.131506
10 619.8613 6.150404 4.994577
11 575.7560 6.045764 4.884099
12 538.2315 5.949882 4.793940
13 505.8206 5.862153 4.719894
14 477.4739 5.781890 4.658889
15 452.4187 5.708411 4.608563
16 430.0730 5.641069 4.567035
17 409.9889 5.579269 4.532777
18 391.8161 5.522471 4.504530
19 375.2760 5.470186 4.481260
20 360.1440 5.421974 4.462107
21 346.2369 5.377441 4.446363
22 333.4034 5.336234 4.433441
23 321.5174 5.298038 4.422854
24 310.4727 5.262572 4.414201
25 300.1790 5.229581 4.407149
26 290.5594 5.198843 4.401422
27 281.5473 5.170153 4.396792
28 273.0851 5.143333 4.393069
29 265.1225 5.118219 4.390096
30 257.6155 5.094666 4.387742
31 250.5251 5.072543 4.385899
32 243.8169 5.051732 4.384477
33 237.4603 5.032127 4.383400
34 231.4280 5.013633 4.382605
35 225.6954 4.996162 4.382042
36 220.2404 4.979636 4.381666
37 215.0433 4.963984 4.381441
38 210.0859 4.949141 4.381338
39 205.3520 4.935049 4.381330
40 200.8267 4.921654 4.381398
41 196.4964 4.908907 4.381523
42 192.3488 4.896763 4.381692
43 188.3725 4.885183 4.381892
44 184.5570 4.874127 4.382114
45 180.8929 4.863563 4.382350
46 177.3712 4.853459 4.382591
47 173.9839 4.843785 4.382834
48 170.7233 4.834515 4.383074
49 167.5825 4.825624 4.383306
50 164.5551 4.817090 4.383529
51 161.6349 4.808892 4.383738
52 158.8165 4.801010 4.383934
53 156.0945 4.793426 4.384113
54 153.4642 4.786123 4.384276
55 150.9210 4.779086 4.384420
56 148.4606 4.772301 4.384546
57 146.0791 4.765753 4.384653
58 143.7727 4.759431 4.384741
59 141.5380 4.753323 4.384809
60 139.3717 4.747418 4.384857
61 137.2707 4.741705 4.384886
62 135.2321 4.736175 4.384896
63 133.2531 4.730819 4.384886
64 131.3313 4.725629 4.384857
65 129.4641 4.720596 4.384809
66 127.6493 4.715714 4.384743
67 125.8847 4.710975 4.384658
68 124.1682 4.706373 4.384555
69 122.4980 4.701902 4.384433
70 120.8722 4.697555 4.384295
71 119.2890 4.693328 4.384139
72 117.7468 4.689215 4.383965
73 116.2441 4.685212 4.383775
74 114.7793 4.681313 4.383568
75 113.3510 4.677514 4.383345
76 111.9579 4.673811 4.383106
77 110.5988 4.670201 4.382851
78 109.2723 4.666679 4.382580
79 107.9773 4.663242 4.382293
80 106.7127 4.659886 4.381992
81 105.4776 4.656609 4.381675
82 104.2707 4.653407 4.381343
83 103.0913 4.650277 4.380996
84 101.9384 4.647218 4.380635
85 100.8110 4.644225 4.380260
86 99.70846 4.641297 4.379869
87 98.62984 4.638431 4.379465
88 97.57441 4.635625 4.379047
89 96.54143 4.632877 4.378615
90 95.53019 4.630184 4.378168
91 94.54003 4.627545 4.377708
92 93.57029 4.624958 4.377235
93 92.62034 4.622421 4.376747
94 91.68960 4.619932 4.376247
95 90.77749 4.617490 4.375732
96 89.88346 4.615092 4.375204
97 89.00697 4.612739 4.374663
98 88.14752 4.610427 4.374109
99 87.30463 4.608156 4.373541
100 86.47781 4.605924 4.372960
101 85.66661 4.603730 4.372365
102 84.87061 4.601573 4.371757
103 84.08938 4.599451 4.371137
104 83.32251 4.597364 4.370502
105 82.56961 4.595310 4.369855
106 81.83031 4.593288 4.369195
107 81.10425 4.591297 4.368521
108 80.39107 4.589337 4.367834
109 79.69043 4.587406 4.367134
110 79.00202 4.585503 4.366420
111 78.32552 4.583628 4.365693
112 77.66061 4.581779 4.364953
113 77.00702 4.579956 4.364200
114 76.36444 4.578158 4.363433
115 75.73262 4.576384 4.362653
116 75.11128 4.574634 4.361859
117 74.50017 4.572907 4.361052
118 73.89904 4.571201 4.360231
119 73.30764 4.569517 4.359397
120 72.72575 4.567854 4.358549
121 72.15314 4.566211 4.357687
122 71.58959 4.564587 4.356811
123 71.03489 4.562982 4.355922
124 70.48884 4.561396 4.355019
125 69.95123 4.559827 4.354101
126 69.42187 4.558276 4.353170
127 68.90058 4.556741 4.352224
128 68.38718 4.555223 4.351265
129 67.88148 4.553721 4.350291
130 67.38333 4.552233 4.349302
131 66.89254 4.550761 4.348300
132 66.40897 4.549303 4.347282
133 65.93245 4.547859 4.346250
134 65.46284 4.546428 4.345204
135 64.99998 4.545011 4.344142
136 64.54374 4.543606 4.343066
137 64.09398 4.542214 4.341975
138 63.65055 4.540833 4.340869
139 63.21333 4.539464 4.339747
140 62.78219 4.538107 4.338610
141 62.35700 4.536760 4.337458
142 61.93765 4.535424 4.336291
143 61.52402 4.534098 4.335108
144 61.11598 4.532782 4.333909
145 60.71344 4.531475 4.332694
146 60.31628 4.530178 4.331464
147 59.92440 4.528890 4.330218
148 59.53769 4.527610 4.328955
149 59.15605 4.526339 4.327677
150 58.77939 4.525076 4.326382
151 58.40761 4.523821 4.325071
152 58.04062 4.522573 4.323743
153 57.67832 4.521333 4.322399
154 57.32063 4.520100 4.321038
155 56.96747 4.518873 4.319660
156 56.61874 4.517654 4.318266
157 56.27437 4.516440 4.316854
158 55.93428 4.515233 4.315425
159 55.59839 4.514032 4.313980
160 55.26662 4.512836 4.312516
161 54.93890 4.511646 4.311036
162 54.61516 4.510461 4.309538
163 54.29532 4.509281 4.308022
164 53.97933 4.508106 4.306489
165 53.66710 4.506936 4.304938
166 53.35858 4.505770 4.303369
167 53.05369 4.504608 4.301782
168 52.75239 4.503451 4.300177
169 52.45460 4.502297 4.298553
170 52.16027 4.501147 4.296912
171 51.86934 4.500001 4.295252
172 51.58175 4.498858 4.293574
173 51.29744 4.497719 4.291877
174 51.01636 4.496582 4.290161
175 50.73846 4.495449 4.288427
176 50.46369 4.494318 4.286674
177 50.19199 4.493190 4.284903
178 49.92331 4.492064 4.283112
179 49.65760 4.490940 4.281302
180 49.39482 4.489819 4.279474
181 49.13493 4.488700 4.277626
182 48.87786 4.487582 4.275759
183 48.62359 4.486466 4.273872
184 48.37205 4.485352 4.271967
185 48.12323 4.484240 4.270042
186 47.87706 4.483129 4.268097
187 47.63351 4.482019 4.266134
188 47.39253 4.480910 4.264150
189 47.15410 4.479802 4.262147
190 46.91817 4.478695 4.260125
191 46.68470 4.477588 4.258083
192 46.45365 4.476483 4.256021
193 46.22499 4.475377 4.253939
194 45.99869 4.474273 4.251838
195 45.77470 4.473168 4.249717
196 45.55299 4.472064 4.247576
197 45.33354 4.470960 4.245415
198 45.11630 4.469856 4.243235
199 44.90125 4.468751 4.241035
200 44.68834 4.467647 4.238815
201 44.47757 4.466542 4.236575
202 44.26888 4.465437 4.234316
203 44.06225 4.464331 4.232037
204 43.85765 4.463225 4.229738
205 43.65506 4.462118 4.227419
206 43.45444 4.461010 4.225080
207 43.25577 4.459902 4.222722
208 43.05902 4.458792 4.220345
209 42.86417 4.457682 4.217947
210 42.67117 4.456570 4.215530
211 42.48003 4.455458 4.213094
212 42.29069 4.454344 4.210638
213 42.10315 4.453229 4.208163
214 41.91737 4.452112 4.205668
215 41.73334 4.450994 4.203154
216 41.55103 4.449875 4.200621
217 41.37041 4.448754 4.198069
218 41.19147 4.447631 4.195498
219 41.01418 4.446507 4.192908
220 40.83852 4.445380 4.190299
221 40.66446 4.444252 4.187672
222 40.49200 4.443122 4.185025
223 40.32110 4.441990 4.182361
224 40.15174 4.440857 4.179678
225 39.98391 4.439721 4.176976
226 39.81759 4.438583 4.174256
227 39.65275 4.437442 4.171519
228 39.48938 4.436300 4.168763
229 39.32747 4.435155 4.165990
230 39.16698 4.434008 4.163199
231 39.00790 4.432859 4.160391
232 38.85022 4.431707 4.157565
233 38.69391 4.430553 4.154722
234 38.53897 4.429396 4.151862
235 38.38537 4.428237 4.148986
236 38.23309 4.427075 4.146092
237 38.08213 4.425911 4.143183
238 37.93245 4.424744 4.140257
239 37.78406 4.423574 4.137314
240 37.63693 4.422402 4.134356
241 37.49104 4.421227 4.131382
242 37.34639 4.420049 4.128393
243 37.20295 4.418868 4.125389
244 37.06072 4.417685 4.122369
245 36.91967 4.416499 4.119334
246 36.77980 4.415310 4.116285
247 36.64109 4.414118 4.113221
248 36.50352 4.412923 4.110143
249 36.36709 4.411725 4.107051
250 36.23177 4.410524 4.103945
251 36.09756 4.409320 4.100825
252 35.96444 4.408113 4.097693
253 35.83241 4.406903 4.094547
254 35.70144 4.405691 4.091388
255 35.57152 4.404475 4.088216
256 35.44265 4.403256 4.085033
257 35.31481 4.402034 4.081837
258 35.18799 4.400809 4.078629
259 35.06217 4.399581 4.075410
260 34.93736 4.398349 4.072179
261 34.81352 4.397115 4.068937
262 34.69066 4.395878 4.065684
263 34.56876 4.394637 4.062421
264 34.44782 4.393393 4.059147
265 34.32781 4.392147 4.055864
266 34.20874 4.390897 4.052570
267 34.09058 4.389644 4.049267
268 33.97333 4.388388 4.045955
269 33.85699 4.387129 4.042633
270 33.74153 4.385866 4.039303
271 33.62696 4.384601 4.035965
272 33.51325 4.383333 4.032618
273 33.40040 4.382061 4.029263
274 33.28841 4.380786 4.025901
275 33.17726 4.379509 4.022531
276 33.06694 4.378228 4.019155
277 32.95744 4.376944 4.015771
278 32.84876 4.375657 4.012381
279 32.74089 4.374367 4.008984
280 32.63381 4.373074 4.005581
281 32.52752 4.371778 4.002173
282 32.42201 4.370479 3.998759
283 32.31728 4.369177 3.995340
284 32.21330 4.367872 3.991916
285 32.11009 4.366564 3.988487
286 32.00762 4.365253 3.985054
287 31.90589 4.363940 3.981616
288 31.80490 4.362623 3.978175
289 31.70462 4.361303 3.974730
290 31.60507 4.359981 3.971282
291 31.50622 4.358656 3.967830
292 31.40808 4.357327 3.964376
293 31.31063 4.355996 3.960919
294 31.21387 4.354663 3.957460
295 31.11779 4.353326 3.953998
296 31.02239 4.351987 3.950535
297 30.92765 4.350645 3.947070
298 30.83357 4.349300 3.943603
299 30.74014 4.347953 3.940136
300 30.64736 4.346603 3.936667
301 30.55522 4.345250 3.933198
302 30.46371 4.343895 3.929729
303 30.37283 4.342537 3.926259
304 30.28257 4.341176 3.922790
305 30.19293 4.339813 3.919320
306 30.10389 4.338448 3.915851
307 30.01545 4.337080 3.912383
308 29.92762 4.335710 3.908916
309 29.84037 4.334337 3.905450
310 29.75370 4.332962 3.901985
311 29.66762 4.331584 3.898522
312 29.58211 4.330204 3.895061
313 29.49716 4.328822 3.891601
314 29.41278 4.327438 3.888144
315 29.32895 4.326051 3.884690
316 29.24567 4.324662 3.881238
317 29.16294 4.323271 3.877788
318 29.08075 4.321878 3.874342
319 28.99909 4.320482 3.870899
320 28.91796 4.319085 3.867459
321 28.83736 4.317685 3.864023
322 28.75728 4.316284 3.860591
323 28.67771 4.314880 3.857162
324 28.59865 4.313475 3.853738
325 28.52009 4.312068 3.850318
326 28.44204 4.310658 3.846902
327 28.36448 4.309247 3.843491
328 28.28741 4.307834 3.840085
329 28.21082 4.306419 3.836684
330 28.13472 4.305003 3.833287
331 28.05909 4.303584 3.829896
332 27.98394 4.302164 3.826511
333 27.90925 4.300743 3.823131
334 27.83503 4.299319 3.819757
335 27.76126 4.297894 3.816388
336 27.68795 4.296468 3.813026
337 27.61509 4.295040 3.809669
338 27.54268 4.293610 3.806319
339 27.47071 4.292179 3.802975
340 27.39917 4.290747 3.799638
341 27.32808 4.289313 3.796308
342 27.25741 4.287877 3.792984
343 27.18716 4.286441 3.789667
344 27.11734 4.285003 3.786357
345 27.04794 4.283564 3.783055
346 26.97895 4.282123 3.779759
347 26.91038 4.280681 3.776471
348 26.84220 4.279239 3.773191
349 26.77444 4.277795 3.769918
350 26.70707 4.276349 3.766653
351 26.64010 4.274903 3.763395
352 26.57352 4.273456 3.760146
353 26.50733 4.272008 3.756904
354 26.44153 4.270558 3.753671
355 26.37611 4.269108 3.750445
356 26.31107 4.267657 3.747228
357 26.24640 4.266205 3.744020
358 26.18210 4.264752 3.740820
359 26.11818 4.263298 3.737628
360 26.05462 4.261844 3.734445
361 25.99142 4.260388 3.731271
362 25.92858 4.258932 3.728105
363 25.86610 4.257475 3.724948
364 25.80397 4.256018 3.721800
365 25.74219 4.254560 3.718662
366 25.68076 4.253101 3.715532
367 25.61967 4.251642 3.712411
368 25.55892 4.250182 3.709300
369 25.49851 4.248721 3.706198
370 25.43843 4.247261 3.703105
371 25.37869 4.245799 3.700022
372 25.31928 4.244337 3.696948
373 25.26019 4.242875 3.693883
374 25.20143 4.241413 3.690829
375 25.14298 4.239950 3.687783
376 25.08486 4.238487 3.684748
377 25.02705 4.237023 3.681722
378 24.96956 4.235559 3.678706
379 24.91237 4.234095 3.675699
380 24.85549 4.232631 3.672703
381 24.79892 4.231167 3.669716
382 24.74265 4.229702 3.666740
383 24.68668 4.228238 3.663773
384 24.63101 4.226773 3.660817
385 24.57563 4.225308 3.657870
386 24.52055 4.223843 3.654933
387 24.46576 4.222378 3.652007
388 24.41125 4.220913 3.649091
389 24.35703 4.219449 3.646185
390 24.30309 4.217984 3.643289
391 24.24944 4.216519 3.640404
392 24.19606 4.215055 3.637528
393 24.14296 4.213590 3.634663
394 24.09013 4.212126 3.631809
395 24.03757 4.210662 3.628964
396 23.98529 4.209198 3.626130
397 23.93327 4.207735 3.623307
398 23.88151 4.206271 3.620494
399 23.83002 4.204808 3.617691
400 23.77880 4.203346 3.614899
401 23.72783 4.201883 3.612117
402 23.67711 4.200421 3.609346
403 23.62665 4.198960 3.606585
404 23.57645 4.197499 3.603835
405 23.52649 4.196038 3.601095
406 23.47679 4.194578 3.598366
407 23.42733 4.193118 3.595647
408 23.37812 4.191658 3.592939
409 23.32915 4.190200 3.590242
410 23.28042 4.188742 3.587555
411 23.23193 4.187284 3.584878
412 23.18367 4.185827 3.582213
413 23.13566 4.184370 3.579557
414 23.08787 4.182915 3.576913
415 23.04032 4.181460 3.574279
416 22.99300 4.180005 3.571655
417 22.94591 4.178551 3.569042
418 22.89904 4.177098 3.566440
419 22.85240 4.175646 3.563849
420 22.80598 4.174195 3.561268
421 22.75979 4.172744 3.558697
422 22.71381 4.171294 3.556137
423 22.66805 4.169845 3.553588
424 22.62251 4.168397 3.551049
425 22.57718 4.166949 3.548521
426 22.53207 4.165503 3.546004
427 22.48716 4.164057 3.543497
428 22.44247 4.162612 3.541001
429 22.39799 4.161168 3.538515
430 22.35371 4.159726 3.536040
431 22.30964 4.158284 3.533575
432 22.26577 4.156843 3.531121
433 22.22211 4.155403 3.528677
434 22.17864 4.153964 3.526244
435 22.13538 4.152526 3.523821
436 22.09231 4.151090 3.521409
437 22.04944 4.149654 3.519007
438 22.00676 4.148219 3.516616
439 21.96428 4.146786 3.514235
440 21.92199 4.145354 3.511865
441 21.87989 4.143923 3.509505
442 21.83798 4.142493 3.507156
443 21.79626 4.141064 3.504817
444 21.75472 4.139636 3.502488
445 21.71337 4.138210 3.500169
446 21.67221 4.136784 3.497861
447 21.63122 4.135360 3.495564
448 21.59042 4.133938 3.493276
449 21.54980 4.132516 3.490999
450 21.50936 4.131096 3.488732
451 21.46909 4.129677 3.486476
452 21.42900 4.128259 3.484229
453 21.38909 4.126843 3.481993
454 21.34934 4.125428 3.479767
455 21.30978 4.124015 3.477552
456 21.27038 4.122602 3.475346
457 21.23115 4.121192 3.473150
458 21.19209 4.119782 3.470965
459 21.15320 4.118374 3.468790
460 21.11448 4.116967 3.466624
461 21.07592 4.115562 3.464469
462 21.03753 4.114158 3.462324
463 20.99930 4.112756 3.460189
464 20.96123 4.111355 3.458064
465 20.92332 4.109956 3.455948
466 20.88557 4.108558 3.453843
467 20.84798 4.107162 3.451747
468 20.81055 4.105767 3.449662
469 20.77328 4.104374 3.447586
470 20.73616 4.102982 3.445520
471 20.69919 4.101592 3.443464
472 20.66238 4.100203 3.441418
473 20.62572 4.098816 3.439381
474 20.58921 4.097430 3.437354
475 20.55285 4.096046 3.435337
476 20.51664 4.094664 3.433329
477 20.48058 4.093283 3.431331
478 20.44467 4.091904 3.429343
479 20.40890 4.090527 3.427364
480 20.37328 4.089151 3.425395
481 20.33780 4.087777 3.423435
482 20.30247 4.086404 3.421485
483 20.26727 4.085034 3.419545
484 20.23222 4.083664 3.417613
485 20.19731 4.082297 3.415691
486 20.16254 4.080931 3.413779
487 20.12791 4.079567 3.411876
488 20.09342 4.078205 3.409982
489 20.05906 4.076844 3.408098
490 20.02484 4.075486 3.406222
491 19.99076 4.074128 3.404356
492 19.95681 4.072773 3.402500
493 19.92299 4.071419 3.400652
494 19.88930 4.070068 3.398814
495 19.85575 4.068718 3.396984
496 19.82233 4.067369 3.395164
497 19.78903 4.066023 3.393353
498 19.75587 4.064678 3.391551
499 19.72283 4.063335 3.389758
500 19.68993 4.061994 3.387973
501 19.65715 4.060655 3.386198
502 19.62449 4.059317 3.384432
503 19.59196 4.057982 3.382674
504 19.55955 4.056648 3.380926
505 19.52727 4.055316 3.379186
506 19.49511 4.053986 3.377455
507 19.46308 4.052658 3.375732
508 19.43116 4.051332 3.374019
509 19.39936 4.050007 3.372314
510 19.36769 4.048685 3.370617
511 19.33613 4.047364 3.368930
512 19.30469 4.046045 3.367251
513 19.27337 4.044728 3.365580
514 19.24217 4.043413 3.363918
515 19.21108 4.042100 3.362265
516 19.18010 4.040789 3.360620
517 19.14925 4.039480 3.358983
518 19.11850 4.038172 3.357355
519 19.08787 4.036867 3.355735
520 19.05735 4.035564 3.354123
521 19.02694 4.034262 3.352520
522 18.99665 4.032963 3.350925
523 18.96646 4.031665 3.349339
524 18.93639 4.030369 3.347760
525 18.90642 4.029075 3.346190
526 18.87656 4.027784 3.344627
527 18.84681 4.026494 3.343073
528 18.81717 4.025206 3.341527
529 18.78764 4.023920 3.339989
530 18.75821 4.022636 3.338459
531 18.72888 4.021354 3.336937
532 18.69966 4.020075 3.335423
533 18.67055 4.018797 3.333917
534 18.64153 4.017521 3.332419
535 18.61262 4.016247 3.330929
536 18.58382 4.014975 3.329446
537 18.55511 4.013705 3.327971
538 18.52651 4.012437 3.326504
539 18.49800 4.011171 3.325045
540 18.46960 4.009907 3.323593
541 18.44129 4.008645 3.322149
542 18.41309 4.007386 3.320713
543 18.38498 4.006128 3.319284
544 18.35697 4.004872 3.317863
545 18.32905 4.003618 3.316449
546 18.30124 4.002366 3.315043
547 18.27352 4.001117 3.313644
548 18.24589 3.999869 3.312253
549 18.21836 3.998623 3.310869
550 18.19092 3.997380 3.309492
551 18.16358 3.996138 3.308123
552 18.13633 3.994899 3.306761
553 18.10917 3.993661 3.305407
554 18.08211 3.992426 3.304059
555 18.05513 3.991193 3.302719
556 18.02825 3.989961 3.301386
557 18.00146 3.988732 3.300060
558 17.97476 3.987505 3.298742
559 17.94815 3.986280 3.297430
560 17.92162 3.985057 3.296125
561 17.89519 3.983836 3.294828
562 17.86884 3.982617 3.293537
563 17.84258 3.981400 3.292254
564 17.81641 3.980185 3.290977
565 17.79033 3.978972 3.289707
566 17.76433 3.977762 3.288444
567 17.73842 3.976553 3.287188
568 17.71259 3.975347 3.285939
569 17.68684 3.974142 3.284696
570 17.66119 3.972940 3.283460
571 17.63561 3.971739 3.282231
572 17.61012 3.970541 3.281009
573 17.58471 3.969345 3.279793
574 17.55938 3.968151 3.278584
575 17.53414 3.966959 3.277381
576 17.50898 3.965769 3.276185
577 17.48389 3.964581 3.274996
578 17.45889 3.963396 3.273813
579 17.43397 3.962212 3.272636
580 17.40913 3.961030 3.271466
581 17.38437 3.959851 3.270303
582 17.35969 3.958673 3.269145
583 17.33508 3.957498 3.267995
584 17.31056 3.956325 3.266850
585 17.28611 3.955153 3.265712
586 17.26174 3.953984 3.264580
587 17.23744 3.952817 3.263454
588 17.21323 3.951652 3.262334
589 17.18908 3.950490 3.261221
590 17.16502 3.949329 3.260113
591 17.14103 3.948170 3.259012
592 17.11711 3.947013 3.257917
593 17.09327 3.945859 3.256828
594 17.06951 3.944706 3.255745
595 17.04581 3.943556 3.254668
596 17.02219 3.942408 3.253597
597 16.99865 3.941261 3.252531
598 16.97517 3.940117 3.251472
599 16.95177 3.938975 3.250419
600 16.92844 3.937835 3.249371
601 16.90518 3.936697 3.248330
602 16.88199 3.935561 3.247294
603 16.85888 3.934428 3.246263
604 16.83583 3.933296 3.245239
605 16.81285 3.932166 3.244220
606 16.78995 3.931039 3.243207
607 16.76711 3.929913 3.242200
608 16.74434 3.928790 3.241198
609 16.72164 3.927669 3.240202
610 16.69901 3.926549 3.239212
611 16.67645 3.925432 3.238227
612 16.65395 3.924317 3.237247
613 16.63152 3.923204 3.236273
614 16.60916 3.922093 3.235305
615 16.58687 3.920984 3.234342
616 16.56464 3.919877 3.233384
617 16.54247 3.918772 3.232432
618 16.52038 3.917670 3.231485
619 16.49835 3.916569 3.230543
620 16.47638 3.915470 3.229607
621 16.45448 3.914374 3.228676
622 16.43264 3.913279 3.227750
623 16.41086 3.912187 3.226830
624 16.38915 3.911096 3.225914
625 16.36751 3.910008 3.225004
626 16.34592 3.908921 3.224099
627 16.32440 3.907837 3.223199
628 16.30294 3.906755 3.222305
629 16.28155 3.905675 3.221415
630 16.26021 3.904597 3.220530
631 16.23894 3.903520 3.219651
632 16.21773 3.902446 3.218776
633 16.19658 3.901374 3.217906
634 16.17549 3.900304 3.217042
635 16.15446 3.899236 3.216182
636 16.13349 3.898170 3.215327
637 16.11258 3.897106 3.214477
638 16.09173 3.896045 3.213632
639 16.07094 3.894985 3.212791
640 16.05020 3.893927 3.211956
641 16.02953 3.892871 3.211125
642 16.00892 3.891817 3.210299
643 15.98836 3.890765 3.209478
644 15.96786 3.889716 3.208661
645 15.94742 3.888668 3.207849
646 15.92703 3.887622 3.207042
647 15.90671 3.886578 3.206239
648 15.88644 3.885536 3.205441
649 15.86622 3.884497 3.204647
650 15.84607 3.883459 3.203859
651 15.82596 3.882423 3.203074
652 15.80592 3.881389 3.202294
653 15.78593 3.880358 3.201519
654 15.76599 3.879328 3.200748
655 15.74611 3.878300 3.199981
656 15.72629 3.877274 3.199219
657 15.70652 3.876251 3.198462
658 15.68680 3.875229 3.197708
659 15.66714 3.874209 3.196959
660 15.64753 3.873191 3.196215
661 15.62797 3.872175 3.195475
662 15.60847 3.871161 3.194739
663 15.58902 3.870149 3.194007
664 15.56962 3.869139 3.193279
665 15.55028 3.868131 3.192556
666 15.53099 3.867125 3.191837
667 15.51175 3.866121 3.191122
668 15.49256 3.865119 3.190411
669 15.47342 3.864119 3.189704
670 15.45434 3.863121 3.189002
671 15.43531 3.862124 3.188304
672 15.41632 3.861130 3.187609
673 15.39739 3.860137 3.186919
674 15.37851 3.859147 3.186232
675 15.35968 3.858158 3.185550
676 15.34089 3.857172 3.184872
677 15.32216 3.856187 3.184197
678 15.30348 3.855205 3.183527
679 15.28485 3.854224 3.182861
680 15.26626 3.853245 3.182198
681 15.24773 3.852268 3.181539
682 15.22924 3.851293 3.180884
683 15.21080 3.850320 3.180233
684 15.19241 3.849349 3.179586
685 15.17407 3.848379 3.178943
686 15.15578 3.847412 3.178303
687 15.13753 3.846446 3.177667
688 15.11933 3.845483 3.177035
689 15.10118 3.844521 3.176407
690 15.08308 3.843561 3.175782
691 15.06502 3.842603 3.175161
692 15.04701 3.841647 3.174544
693 15.02904 3.840693 3.173930
694 15.01113 3.839741 3.173320
695 14.99325 3.838791 3.172713
696 14.97543 3.837842 3.172110
697 14.95765 3.836896 3.171511
698 14.93991 3.835951 3.170915
699 14.92222 3.835008 3.170323
700 14.90458 3.834067 3.169734
701 14.88698 3.833128 3.169149
702 14.86942 3.832191 3.168567
703 14.85191 3.831255 3.167989
704 14.83444 3.830322 3.167414
705 14.81702 3.829390 3.166842
706 14.79964 3.828460 3.166274
707 14.78231 3.827532 3.165710
708 14.76501 3.826606 3.165148
709 14.74777 3.825682 3.164590
710 14.73056 3.824759 3.164036
711 14.71340 3.823838 3.163484
712 14.69628 3.822920 3.162936
713 14.67920 3.822003 3.162391
714 14.66217 3.821087 3.161850
715 14.64518 3.820174 3.161312
716 14.62823 3.819262 3.160776
717 14.61132 3.818353 3.160245
718 14.59446 3.817445 3.159716
719 14.57763 3.816539 3.159190
720 14.56085 3.815634 3.158668
721 14.54411 3.814732 3.158149
722 14.52741 3.813831 3.157633
723 14.51075 3.812932 3.157120
724 14.49413 3.812035 3.156610
725 14.47755 3.811140 3.156103
726 14.46102 3.810246 3.155599
727 14.44452 3.809354 3.155099
728 14.42806 3.808464 3.154601
729 14.41165 3.807576 3.154106
730 14.39527 3.806689 3.153615
731 14.37893 3.805805 3.153126
732 14.36263 3.804922 3.152640
733 14.34638 3.804041 3.152157
734 14.33016 3.803161 3.151677
735 14.31398 3.802284 3.151200
736 14.29783 3.801408 3.150726
737 14.28173 3.800533 3.150255
738 14.26567 3.799661 3.149787
739 14.24964 3.798790 3.149321
740 14.23365 3.797921 3.148858
741 14.21771 3.797054 3.148399
742 14.20179 3.796189 3.147942
743 14.18592 3.795325 3.147487
744 14.17008 3.794463 3.147036
745 14.15429 3.793603 3.146587
746 14.13853 3.792744 3.146141
747 14.12280 3.791887 3.145698
748 14.10711 3.791032 3.145257
749 14.09147 3.790179 3.144820
750 14.07585 3.789327 3.144384
751 14.06028 3.788477 3.143952
752 14.04474 3.787629 3.143522
753 14.02923 3.786782 3.143095
754 14.01377 3.785937 3.142670
755 13.99833 3.785094 3.142249
756 13.98294 3.784252 3.141829
757 13.96758 3.783412 3.141412
758 13.95226 3.782574 3.140998
759 13.93697 3.781738 3.140587
760 13.92172 3.780903 3.140178
761 13.90650 3.780069 3.139771
762 13.89132 3.779238 3.139367
763 13.87617 3.778408 3.138966
764 13.86106 3.777580 3.138567
765 13.84598 3.776753 3.138170
766 13.83094 3.775928 3.137776
767 13.81593 3.775105 3.137384
768 13.80095 3.774284 3.136995
769 13.78601 3.773464 3.136608
770 13.77111 3.772645 3.136224
771 13.75624 3.771829 3.135842
772 13.74140 3.771014 3.135462
773 13.72659 3.770200 3.135085
774 13.71182 3.769388 3.134710
775 13.69708 3.768578 3.134338
776 13.68238 3.767770 3.133968
777 13.66771 3.766963 3.133600
778 13.65307 3.766157 3.133234
779 13.63847 3.765354 3.132871
780 13.62390 3.764552 3.132510
781 13.60936 3.763751 3.132152
782 13.59485 3.762952 3.131795
783 13.58038 3.762155 3.131441
784 13.56593 3.761359 3.131089
785 13.55153 3.760565 3.130739
786 13.53715 3.759772 3.130392
787 13.52280 3.758982 3.130047
788 13.50849 3.758192 3.129703
789 13.49421 3.757404 3.129363
790 13.47996 3.756618 3.129024
791 13.46574 3.755833 3.128687
792 13.45155 3.755050 3.128353
793 13.43740 3.754269 3.128020
794 13.42327 3.753489 3.127690
795 13.40918 3.752710 3.127362
796 13.39512 3.751934 3.127036
797 13.38109 3.751158 3.126712
798 13.36709 3.750385 3.126390
799 13.35312 3.749612 3.126070
800 13.33918 3.748842 3.125752
801 13.32527 3.748072 3.125437
802 13.31139 3.747305 3.125123
803 13.29754 3.746539 3.124811
804 13.28372 3.745774 3.124502
805 13.26994 3.745011 3.124194
806 13.25618 3.744250 3.123888
807 13.24245 3.743490 3.123585
808 13.22875 3.742731 3.123283
809 13.21508 3.741974 3.122983
810 13.20144 3.741219 3.122685
811 13.18783 3.740465 3.122389
812 13.17425 3.739712 3.122095
813 13.16070 3.738961 3.121803
814 13.14718 3.738212 3.121513
815 13.13368 3.737464 3.121225
816 13.12022 3.736718 3.120938
817 13.10678 3.735973 3.120653
818 13.09337 3.735229 3.120371
819 13.07999 3.734487 3.120090
820 13.06664 3.733746 3.119811
821 13.05332 3.733007 3.119534
822 13.04003 3.732270 3.119258
823 13.02676 3.731534 3.118985
824 13.01353 3.730799 3.118713
825 13.00032 3.730066 3.118443
826 12.98714 3.729334 3.118175
827 12.97398 3.728603 3.117908
828 12.96086 3.727875 3.117644
829 12.94776 3.727147 3.117381
830 12.93469 3.726421 3.117119
831 12.92164 3.725697 3.116860
832 12.90863 3.724974 3.116602
833 12.89564 3.724252 3.116346
834 12.88268 3.723532 3.116092
835 12.86974 3.722813 3.115839
836 12.85683 3.722095 3.115588
837 12.84395 3.721379 3.115339
838 12.83110 3.720665 3.115092
839 12.81827 3.719952 3.114846
840 12.80547 3.719240 3.114601
841 12.79270 3.718530 3.114359
842 12.77995 3.717821 3.114118
843 12.76723 3.717113 3.113878
844 12.75453 3.716407 3.113641
845 12.74186 3.715702 3.113404
846 12.72922 3.714999 3.113170
847 12.71660 3.714297 3.112937
848 12.70401 3.713597 3.112705
849 12.69145 3.712897 3.112476
850 12.67891 3.712200 3.112247
851 12.66639 3.711503 3.112021
852 12.65391 3.710808 3.111795
853 12.64144 3.710114 3.111572
854 12.62901 3.709422 3.111350
855 12.61659 3.708731 3.111129
856 12.60421 3.708042 3.110910
857 12.59184 3.707353 3.110692
858 12.57951 3.706667 3.110476
859 12.56720 3.705981 3.110262
860 12.55491 3.705297 3.110049
861 12.54265 3.704614 3.109837
862 12.53041 3.703933 3.109627
863 12.51820 3.703253 3.109418
864 12.50601 3.702574 3.109211
865 12.49385 3.701896 3.109005
866 12.48171 3.701220 3.108800
867 12.46959 3.700545 3.108597
868 12.45750 3.699872 3.108396
869 12.44544 3.699200 3.108196
870 12.43339 3.698529 3.107997
871 12.42138 3.697859 3.107800
872 12.40938 3.697191 3.107604
873 12.39741 3.696524 3.107409
874 12.38546 3.695859 3.107216
875 12.37354 3.695194 3.107024
876 12.36164 3.694532 3.106833
877 12.34977 3.693870 3.106644
878 12.33791 3.693209 3.106456
879 12.32609 3.692550 3.106270
880 12.31428 3.691893 3.106085
881 12.30250 3.691236 3.105901
882 12.29074 3.690581 3.105718
883 12.27900 3.689927 3.105537
884 12.26729 3.689274 3.105357
885 12.25560 3.688623 3.105178
886 12.24394 3.687973 3.105001
887 12.23229 3.687324 3.104825
888 12.22067 3.686676 3.104650
889 12.20907 3.686030 3.104477
890 12.19750 3.685385 3.104304
891 12.18594 3.684741 3.104133
892 12.17441 3.684098 3.103963
893 12.16290 3.683457 3.103795
894 12.15142 3.682817 3.103628
895 12.13995 3.682178 3.103461
896 12.12851 3.681541 3.103297
897 12.11709 3.680904 3.103133
898 12.10570 3.680269 3.102970
899 12.09432 3.679636 3.102809
900 12.08297 3.679003 3.102649
901 12.07164 3.678372 3.102490
902 12.06033 3.677741 3.102332
903 12.04904 3.677112 3.102176
904 12.03777 3.676485 3.102020
905 12.02653 3.675858 3.101866
906 12.01531 3.675233 3.101713
907 12.00410 3.674609 3.101561
908 11.99292 3.673986 3.101410
909 11.98176 3.673364 3.101260
910 11.97063 3.672744 3.101112
911 11.95951 3.672125 3.100964
912 11.94841 3.671507 3.100818
913 11.93734 3.670890 3.100673
914 11.92629 3.670274 3.100529
915 11.91526 3.669659 3.100386
916 11.90424 3.669046 3.100244
917 11.89325 3.668434 3.100103
918 11.88228 3.667823 3.099963
919 11.87133 3.667213 3.099824
920 11.86041 3.666605 3.099687
921 11.84950 3.665997 3.099550
922 11.83861 3.665391 3.099415
923 11.82774 3.664786 3.099280
924 11.81690 3.664182 3.099147
925 11.80607 3.663580 3.099014
926 11.79527 3.662978 3.098883
927 11.78448 3.662378 3.098753
928 11.77372 3.661778 3.098623
929 11.76297 3.661180 3.098495
930 11.75224 3.660583 3.098368
931 11.74154 3.659987 3.098241
932 11.73085 3.659393 3.098116
933 11.72019 3.658799 3.097992
934 11.70954 3.658207 3.097869
935 11.69892 3.657615 3.097746
936 11.68831 3.657025 3.097625
937 11.67772 3.656436 3.097505
938 11.66716 3.655849 3.097385
939 11.65661 3.655262 3.097267
940 11.64608 3.654676 3.097149
941 11.63557 3.654092 3.097033
942 11.62508 3.653508 3.096917
943 11.61461 3.652926 3.096802
944 11.60416 3.652345 3.096689
945 11.59373 3.651765 3.096576
946 11.58332 3.651186 3.096464
947 11.57292 3.650608 3.096353
948 11.56255 3.650031 3.096243
949 11.55219 3.649456 3.096134
950 11.54186 3.648881 3.096026
951 11.53154 3.648308 3.095918
952 11.52124 3.647735 3.095812
953 11.51096 3.647164 3.095707
954 11.50070 3.646594 3.095602
955 11.49045 3.646025 3.095498
956 11.48023 3.645457 3.095395
957 11.47002 3.644890 3.095293
958 11.45984 3.644324 3.095192
959 11.44967 3.643759 3.095092
960 11.43952 3.643196 3.094992
961 11.42938 3.642633 3.094894
962 11.41927 3.642071 3.094796
963 11.40917 3.641511 3.094699
964 11.39909 3.640951 3.094603
965 11.38904 3.640393 3.094508
966 11.37899 3.639836 3.094414
967 11.36897 3.639279 3.094320
968 11.35896 3.638724 3.094227
969 11.34898 3.638170 3.094135
970 11.33901 3.637617 3.094044
971 11.32905 3.637065 3.093954
972 11.31912 3.636514 3.093864
973 11.30920 3.635964 3.093776
974 11.29930 3.635415 3.093688
975 11.28942 3.634867 3.093601
976 11.27956 3.634320 3.093514
977 11.26971 3.633774 3.093429
978 11.25988 3.633229 3.093344
979 11.25007 3.632685 3.093260
980 11.24028 3.632143 3.093177
981 11.23050 3.631601 3.093094
982 11.22074 3.631060 3.093013
983 11.21100 3.630520 3.092932
984 11.20127 3.629981 3.092851
985 11.19156 3.629444 3.092772
986 11.18187 3.628907 3.092693
987 11.17220 3.628371 3.092615
988 11.16254 3.627837 3.092538
989 11.15290 3.627303 3.092462
990 11.14328 3.626770 3.092386
991 11.13367 3.626239 3.092311
992 11.12408 3.625708 3.092236
993 11.11451 3.625178 3.092163
994 11.10495 3.624649 3.092090
995 11.09541 3.624122 3.092018
996 11.08589 3.623595 3.091946
997 11.07638 3.623069 3.091875
998 11.06689 3.622544 3.091805
999 11.05742 3.622020 3.091736
1000 11.04796 3.621498 3.091667
1001 11.03852 3.620976 3.091599
1002 11.02910 3.620455 3.091532
1003 11.01969 3.619935 3.091465
1004 11.01030 3.619416 3.091399
1005 11.00092 3.618898 3.091334
1006 10.99156 3.618381 3.091269
1007 10.98222 3.617865 3.091205
1008 10.97289 3.617350 3.091141
1009 10.96358 3.616836 3.091079
1010 10.95428 3.616322 3.091017
1011 10.94501 3.615810 3.090955
1012 10.93574 3.615299 3.090895
1013 10.92649 3.614788 3.090834
1014 10.91726 3.614279 3.090775
1015 10.90805 3.613771 3.090716
1016 10.89885 3.613263 3.090658
1017 10.88966 3.612756 3.090600
1018 10.88049 3.612251 3.090543
1019 10.87134 3.611746 3.090487
1020 10.86220 3.611242 3.090431
1021 10.85308 3.610739 3.090376
1022 10.84397 3.610237 3.090322
1023 10.83488 3.609736 3.090268
1024 10.82580 3.609236 3.090214
1025 10.81674 3.608737 3.090162
1026 10.80770 3.608239 3.090110
1027 10.79867 3.607742 3.090058
1028 10.78965 3.607245 3.090007
1029 10.78065 3.606750 3.089957
1030 10.77167 3.606255 3.089907
1031 10.76270 3.605761 3.089858
1032 10.75375 3.605269 3.089809
1033 10.74481 3.604777 3.089761
1034 10.73588 3.604286 3.089714
1035 10.72697 3.603796 3.089667
1036 10.71808 3.603306 3.089621
1037 10.70920 3.602818 3.089575
1038 10.70034 3.602331 3.089530
1039 10.69149 3.601844 3.089485
1040 10.68265 3.601359 3.089441
1041 10.67383 3.600874 3.089397
1042 10.66502 3.600390 3.089354
1043 10.65623 3.599907 3.089312
1044 10.64746 3.599425 3.089270
1045 10.63870 3.598944 3.089229
1046 10.62995 3.598463 3.089188
1047 10.62122 3.597984 3.089147
1048 10.61250 3.597505 3.089108
1049 10.60379 3.597028 3.089068
1050 10.59510 3.596551 3.089030
1051 10.58643 3.596075 3.088991
1052 10.57777 3.595600 3.088954
1053 10.56912 3.595126 3.088916
1054 10.56049 3.594652 3.088880
1055 10.55187 3.594180 3.088844
1056 10.54327 3.593708 3.088808
1057 10.53468 3.593237 3.088773
1058 10.52610 3.592767 3.088738
1059 10.51754 3.592298 3.088704
1060 10.50899 3.591830 3.088670
1061 10.50046 3.591362 3.088637
1062 10.49194 3.590896 3.088604
1063 10.48343 3.590430 3.088572
1064 10.47494 3.589965 3.088540
1065 10.46646 3.589501 3.088509
1066 10.45800 3.589038 3.088478
1067 10.44955 3.588576 3.088448
1068 10.44111 3.588114 3.088418
1069 10.43269 3.587653 3.088389
1070 10.42428 3.587193 3.088360
1071 10.41588 3.586734 3.088331
1072 10.40750 3.586276 3.088304
1073 10.39913 3.585819 3.088276
1074 10.39078 3.585362 3.088249
1075 10.38244 3.584906 3.088222
1076 10.37411 3.584451 3.088196
1077 10.36579 3.583997 3.088171
1078 10.35749 3.583544 3.088145
1079 10.34920 3.583091 3.088120
1080 10.34093 3.582640 3.088096
1081 10.33267 3.582189 3.088072
1082 10.32442 3.581739 3.088049
1083 10.31619 3.581289 3.088026
1084 10.30796 3.580841 3.088003
1085 10.29976 3.580393 3.087981
1086 10.29156 3.579946 3.087959
1087 10.28338 3.579500 3.087938
1088 10.27521 3.579055 3.087917
1089 10.26705 3.578611 3.087896
1090 10.25891 3.578167 3.087876
1091 10.25078 3.577724 3.087857
1092 10.24266 3.577282 3.087837
1093 10.23456 3.576841 3.087819
1094 10.22647 3.576400 3.087800
1095 10.21839 3.575960 3.087782
1096 10.21032 3.575521 3.087764
1097 10.20227 3.575083 3.087747
1098 10.19423 3.574646 3.087730
1099 10.18620 3.574209 3.087714
1100 10.17819 3.573773 3.087698
1101 10.17019 3.573338 3.087682
1102 10.16220 3.572904 3.087667
1103 10.15422 3.572470 3.087652
1104 10.14625 3.572037 3.087638
1105 10.13830 3.571605 3.087624
1106 10.13036 3.571174 3.087610
1107 10.12244 3.570744 3.087597
1108 10.11452 3.570314 3.087584
1109 10.10662 3.569885 3.087571
1110 10.09873 3.569457 3.087559
1111 10.09085 3.569029 3.087547
1112 10.08299 3.568602 3.087536
1113 10.07514 3.568176 3.087524
1114 10.06730 3.567751 3.087514
1115 10.05947 3.567327 3.087503
1116 10.05165 3.566903 3.087493
1117 10.04385 3.566480 3.087484
1118 10.03606 3.566058 3.087474
1119 10.02828 3.565636 3.087465
1120 10.02051 3.565215 3.087457
1121 10.01275 3.564795 3.087449
1122 10.00501 3.564376 3.087441
1123 9.997280 3.563958 3.087433
1124 9.989561 3.563540 3.087426
1125 9.981854 3.563123 3.087419
1126 9.974158 3.562706 3.087413
1127 9.966475 3.562291 3.087406
1128 9.958803 3.561876 3.087401
1129 9.951143 3.561462 3.087395
1130 9.943495 3.561048 3.087390
1131 9.935859 3.560635 3.087385
1132 9.928234 3.560223 3.087381
1133 9.920621 3.559812 3.087376
1134 9.913020 3.559401 3.087373
1135 9.905431 3.558992 3.087369
1136 9.897853 3.558582 3.087366
1137 9.890287 3.558174 3.087363
1138 9.882732 3.557766 3.087360
1139 9.875189 3.557359 3.087358
1140 9.867658 3.556953 3.087356
1141 9.860137 3.556547 3.087354
1142 9.852629 3.556142 3.087353
1143 9.845132 3.555738 3.087352
1144 9.837646 3.555335 3.087351
1145 9.830172 3.554932 3.087351
1146 9.822709 3.554530 3.087351
1147 9.815257 3.554128 3.087351
1148 9.807817 3.553728 3.087352
1149 9.800388 3.553328 3.087352
1150 9.792970 3.552928 3.087354
1151 9.785563 3.552530 3.087355
1152 9.778168 3.552132 3.087357
1153 9.770784 3.551734 3.087359
1154 9.763411 3.551338 3.087361
1155 9.756049 3.550942 3.087363
1156 9.748698 3.550547 3.087366
1157 9.741359 3.550152 3.087369
1158 9.734030 3.549758 3.087373
1159 9.726712 3.549365 3.087376
1160 9.719406 3.548972 3.087380
1161 9.712110 3.548581 3.087385
1162 9.704825 3.548189 3.087389
1163 9.697552 3.547799 3.087394
1164 9.690289 3.547409 3.087399
1165 9.683037 3.547020 3.087404
1166 9.675796 3.546631 3.087410
1167 9.668565 3.546243 3.087416
1168 9.661346 3.545856 3.087422
1169 9.654137 3.545470 3.087429
1170 9.646939 3.545084 3.087435
1171 9.639752 3.544699 3.087442
1172 9.632575 3.544314 3.087449
1173 9.625409 3.543930 3.087457
1174 9.618254 3.543547 3.087465
1175 9.611109 3.543164 3.087473
1176 9.603975 3.542783 3.087481
1177 9.596852 3.542401 3.087489
1178 9.589739 3.542021 3.087498
1179 9.582637 3.541641 3.087507
1180 9.575545 3.541261 3.087516
1181 9.568464 3.540883 3.087526
1182 9.561393 3.540505 3.087536
1183 9.554332 3.540127 3.087546
1184 9.547282 3.539750 3.087556
1185 9.540243 3.539374 3.087566
1186 9.533213 3.538999 3.087577
1187 9.526194 3.538624 3.087588
1188 9.519186 3.538250 3.087599
1189 9.512187 3.537876 3.087611
1190 9.505199 3.537503 3.087622
1191 9.498222 3.537131 3.087634
1192 9.491254 3.536759 3.087646
1193 9.484297 3.536388 3.087659
1194 9.477349 3.536018 3.087671
1195 9.470412 3.535648 3.087684
1196 9.463485 3.535279 3.087697
1197 9.456569 3.534910 3.087710
1198 9.449662 3.534542 3.087724
1199 9.442765 3.534175 3.087737
1200 9.435879 3.533808 3.087751
1201 9.429002 3.533442 3.087766
1202 9.422136 3.533076 3.087780
1203 9.415279 3.532712 3.087794
1204 9.408432 3.532347 3.087809
1205 9.401596 3.531984 3.087824
1206 9.394769 3.531621 3.087840
1207 9.387952 3.531258 3.087855
1208 9.381145 3.530896 3.087871
1209 9.374348 3.530535 3.087887
1210 9.367560 3.530175 3.087903
1211 9.360783 3.529815 3.087919
1212 9.354015 3.529455 3.087935
1213 9.347257 3.529096 3.087952
1214 9.340509 3.528738 3.087969
1215 9.333770 3.528380 3.087986
1216 9.327041 3.528023 3.088003
1217 9.320322 3.527667 3.088021
1218 9.313613 3.527311 3.088039
1219 9.306913 3.526956 3.088056
1220 9.300222 3.526601 3.088075
1221 9.293542 3.526247 3.088093
1222 9.286870 3.525894 3.088111
1223 9.280209 3.525541 3.088130
1224 9.273557 3.525189 3.088149
1225 9.266914 3.524837 3.088168
1226 9.260281 3.524486 3.088187
1227 9.253657 3.524135 3.088207
1228 9.247043 3.523785 3.088226
1229 9.240439 3.523436 3.088246
1230 9.233843 3.523087 3.088266
1231 9.227257 3.522739 3.088286
1232 9.220681 3.522391 3.088307
1233 9.214113 3.522044 3.088327
1234 9.207555 3.521697 3.088348
1235 9.201007 3.521351 3.088369
1236 9.194467 3.521006 3.088390
1237 9.187937 3.520661 3.088411
1238 9.181416 3.520317 3.088432
1239 9.174905 3.519973 3.088454
1240 9.168402 3.519630 3.088476
1241 9.161909 3.519288 3.088498
1242 9.155425 3.518946 3.088520
1243 9.148950 3.518604 3.088542
1244 9.142484 3.518264 3.088565
1245 9.136027 3.517923 3.088587
1246 9.129580 3.517583 3.088610
1247 9.123141 3.517244 3.088633
1248 9.116711 3.516906 3.088656
1249 9.110291 3.516568 3.088679
1250 9.103879 3.516230 3.088703
1251 9.097477 3.515893 3.088727
1252 9.091083 3.515557 3.088750
1253 9.084699 3.515221 3.088774
1254 9.078323 3.514886 3.088798
1255 9.071956 3.514551 3.088823
1256 9.065598 3.514217 3.088847
1257 9.059249 3.513883 3.088872
1258 9.052909 3.513550 3.088896
1259 9.046578 3.513217 3.088921
1260 9.040255 3.512885 3.088946
1261 9.033941 3.512554 3.088971
1262 9.027636 3.512223 3.088997
1263 9.021340 3.511892 3.089022
1264 9.015053 3.511562 3.089048
1265 9.008774 3.511233 3.089074
1266 9.002504 3.510904 3.089100
1267 8.996243 3.510576 3.089126
1268 8.989990 3.510248 3.089152
1269 8.983746 3.509921 3.089178
1270 8.977510 3.509594 3.089205
1271 8.971284 3.509268 3.089231
1272 8.965065 3.508942 3.089258
1273 8.958856 3.508617 3.089285
1274 8.952655 3.508293 3.089312
1275 8.946462 3.507968 3.089339
1276 8.940278 3.507645 3.089367
1277 8.934103 3.507322 3.089394
1278 8.927936 3.506999 3.089422
1279 8.921777 3.506677 3.089450
1280 8.915627 3.506356 3.089478
1281 8.909485 3.506035 3.089506
1282 8.903352 3.505715 3.089534
1283 8.897227 3.505395 3.089562
1284 8.891111 3.505075 3.089591
1285 8.885003 3.504756 3.089619
1286 8.878903 3.504438 3.089648
1287 8.872812 3.504120 3.089677
1288 8.866728 3.503803 3.089706
1289 8.860654 3.503486 3.089735
1290 8.854587 3.503170 3.089764
1291 8.848529 3.502854 3.089793
1292 8.842479 3.502538 3.089823
1293 8.836437 3.502224 3.089852
1294 8.830403 3.501909 3.089882
1295 8.824378 3.501595 3.089912
1296 8.818361 3.501282 3.089942
1297 8.812352 3.500969 3.089972
1298 8.806351 3.500657 3.090002
1299 8.800358 3.500345 3.090032
1300 8.794373 3.500034 3.090063
1301 8.788396 3.499723 3.090093
1302 8.782428 3.499413 3.090124
1303 8.776467 3.499103 3.090155
1304 8.770515 3.498793 3.090186
1305 8.764571 3.498485 3.090217
1306 8.758634 3.498176 3.090248
1307 8.752706 3.497868 3.090279
1308 8.746785 3.497561 3.090310
1309 8.740873 3.497254 3.090342
1310 8.734968 3.496948 3.090373
1311 8.729072 3.496642 3.090405
1312 8.723183 3.496336 3.090437
1313 8.717302 3.496031 3.090469
1314 8.711429 3.495727 3.090501
1315 8.705564 3.495423 3.090533
1316 8.699707 3.495119 3.090565
1317 8.693857 3.494816 3.090597
1318 8.688016 3.494514 3.090630
1319 8.682182 3.494212 3.090662
1320 8.676356 3.493910 3.090695
1321 8.670538 3.493609 3.090728
1322 8.664727 3.493308 3.090760
1323 8.658925 3.493008 3.090793
1324 8.653130 3.492708 3.090826
1325 8.647342 3.492409 3.090860
1326 8.641563 3.492110 3.090893
1327 8.635791 3.491812 3.090926
1328 8.630026 3.491514 3.090960
1329 8.624270 3.491217 3.090993
1330 8.618521 3.490920 3.091027
1331 8.612779 3.490623 3.091061
1332 8.607045 3.490327 3.091094
1333 8.601319 3.490032 3.091128
1334 8.595600 3.489737 3.091162
1335 8.589889 3.489442 3.091196
1336 8.584186 3.489148 3.091231
1337 8.578490 3.488854 3.091265
1338 8.572801 3.488561 3.091299
1339 8.567120 3.488268 3.091334
1340 8.561447 3.487976 3.091368
1341 8.555780 3.487684 3.091403
1342 8.550122 3.487393 3.091438
1343 8.544470 3.487102 3.091472
1344 8.538827 3.486812 3.091507
1345 8.533190 3.486521 3.091542
1346 8.527561 3.486232 3.091577
1347 8.521939 3.485943 3.091613
1348 8.516325 3.485654 3.091648
1349 8.510718 3.485366 3.091683
1350 8.505119 3.485078 3.091719
1351 8.499526 3.484791 3.091754
1352 8.493941 3.484504 3.091790
1353 8.488363 3.484217 3.091825
1354 8.482793 3.483931 3.091861
1355 8.477230 3.483646 3.091897
1356 8.471674 3.483361 3.091933
1357 8.466125 3.483076 3.091969
1358 8.460583 3.482792 3.092005
1359 8.455049 3.482508 3.092041
1360 8.449522 3.482225 3.092077
1361 8.444002 3.481942 3.092114
1362 8.438489 3.481659 3.092150
1363 8.432984 3.481377 3.092186
1364 8.427485 3.481096 3.092223
1365 8.421994 3.480814 3.092260
1366 8.416509 3.480534 3.092296
1367 8.411032 3.480253 3.092333
1368 8.405562 3.479973 3.092370
1369 8.400099 3.479694 3.092407
1370 8.394643 3.479415 3.092444
1371 8.389194 3.479136 3.092481
1372 8.383752 3.478858 3.092518
1373 8.378317 3.478580 3.092555
1374 8.372889 3.478303 3.092592
1375 8.367468 3.478026 3.092630
1376 8.362053 3.477750 3.092667
1377 8.356646 3.477474 3.092705
1378 8.351246 3.477198 3.092742
1379 8.345853 3.476923 3.092780
1380 8.340467 3.476648 3.092817
1381 8.335087 3.476374 3.092855
1382 8.329715 3.476100 3.092893
1383 8.324349 3.475826 3.092931
1384 8.318990 3.475553 3.092969
1385 8.313638 3.475280 3.093007
1386 8.308293 3.475008 3.093045
1387 8.302954 3.474736 3.093083
1388 8.297623 3.474465 3.093121
1389 8.292298 3.474194 3.093159
1390 8.286980 3.473923 3.093198
1391 8.281669 3.473653 3.093236
1392 8.276364 3.473383 3.093274
1393 8.271067 3.473114 3.093313
1394 8.265776 3.472845 3.093351
1395 8.260491 3.472576 3.093390
1396 8.255214 3.472308 3.093429
1397 8.249943 3.472040 3.093467
1398 8.244679 3.471773 3.093506
1399 8.239421 3.471506 3.093545
1400 8.234170 3.471239 3.093584
1401 8.228926 3.470973 3.093623
1402 8.223688 3.470707 3.093662
1403 8.218457 3.470442 3.093701
1404 8.213233 3.470177 3.093740
1405 8.208015 3.469912 3.093779
1406 8.202804 3.469648 3.093819
1407 8.197599 3.469384 3.093858
1408 8.192401 3.469121 3.093897
1409 8.187209 3.468858 3.093937
1410 8.182024 3.468595 3.093976
1411 8.176845 3.468333 3.094016
1412 8.171673 3.468071 3.094055
1413 8.166508 3.467810 3.094095
1414 8.161348 3.467549 3.094134
1415 8.156196 3.467288 3.094174
1416 8.151049 3.467028 3.094214
1417 8.145910 3.466768 3.094254
1418 8.140776 3.466509 3.094293
1419 8.135649 3.466250 3.094333
1420 8.130529 3.465991 3.094373
1421 8.125415 3.465733 3.094413
1422 8.120307 3.465475 3.094453
1423 8.115205 3.465217 3.094493
1424 8.110110 3.464960 3.094534
1425 8.105022 3.464704 3.094574
1426 8.099939 3.464447 3.094614
1427 8.094863 3.464191 3.094654
1428 8.089793 3.463936 3.094695
1429 8.084730 3.463680 3.094735
1430 8.079672 3.463426 3.094775
1431 8.074622 3.463171 3.094816
1432 8.069577 3.462917 3.094856
1433 8.064538 3.462663 3.094897
1434 8.059506 3.462410 3.094937
1435 8.054480 3.462157 3.094978
1436 8.049460 3.461904 3.095019
1437 8.044447 3.461652 3.095059
1438 8.039439 3.461400 3.095100
1439 8.034438 3.461149 3.095141
1440 8.029443 3.460898 3.095182
1441 8.024454 3.460647 3.095223
1442 8.019472 3.460397 3.095264
1443 8.014495 3.460147 3.095305
1444 8.009524 3.459897 3.095346
1445 8.004560 3.459648 3.095387
1446 7.999602 3.459399 3.095428
1447 7.994650 3.459151 3.095469
1448 7.989703 3.458902 3.095510
1449 7.984763 3.458655 3.095551
1450 7.979829 3.458407 3.095592
1451 7.974901 3.458160 3.095633
1452 7.969979 3.457914 3.095675
1453 7.965064 3.457667 3.095716
1454 7.960154 3.457421 3.095757
1455 7.955250 3.457176 3.095799
1456 7.950352 3.456930 3.095840
1457 7.945460 3.456686 3.095882
1458 7.940574 3.456441 3.095923
1459 7.935694 3.456197 3.095965
1460 7.930820 3.455953 3.096006
1461 7.925951 3.455710 3.096048
1462 7.921089 3.455467 3.096089
1463 7.916233 3.455224 3.096131
1464 7.911382 3.454981 3.096173
1465 7.906538 3.454739 3.096215
1466 7.901699 3.454498 3.096256
1467 7.896866 3.454256 3.096298
1468 7.892039 3.454015 3.096340
1469 7.887218 3.453775 3.096382
1470 7.882403 3.453535 3.096424
1471 7.877593 3.453295 3.096465
1472 7.872790 3.453055 3.096507
1473 7.867992 3.452816 3.096549
1474 7.863200 3.452577 3.096591
1475 7.858414 3.452339 3.096633
1476 7.853633 3.452100 3.096675
1477 7.848858 3.451863 3.096717
1478 7.844089 3.451625 3.096760
1479 7.839326 3.451388 3.096802
1480 7.834569 3.451151 3.096844
1481 7.829817 3.450915 3.096886
1482 7.825071 3.450679 3.096928
1483 7.820330 3.450443 3.096970
1484 7.815596 3.450207 3.097013
1485 7.810866 3.449972 3.097055
1486 7.806143 3.449738 3.097097
1487 7.801425 3.449503 3.097140
1488 7.796713 3.449269 3.097182
1489 7.792007 3.449035 3.097224
1490 7.787306 3.448802 3.097267
1491 7.782611 3.448569 3.097309
1492 7.777921 3.448336 3.097352
1493 7.773237 3.448104 3.097394
1494 7.768559 3.447872 3.097437
1495 7.763886 3.447640 3.097479
1496 7.759219 3.447409 3.097522
1497 7.754557 3.447178 3.097564
1498 7.749901 3.446947 3.097607
1499 7.745250 3.446716 3.097649
1500 7.740605 3.446486 3.097692
1501 7.735965 3.446257 3.097735
1502 7.731331 3.446027 3.097777
1503 7.726703 3.445798 3.097820
1504 7.722080 3.445569 3.097863
1505 7.717462 3.445341 3.097905
1506 7.712850 3.445113 3.097948
1507 7.708243 3.444885 3.097991
1508 7.703642 3.444658 3.098034
1509 7.699046 3.444431 3.098076
1510 7.694456 3.444204 3.098119
1511 7.689871 3.443977 3.098162
1512 7.685291 3.443751 3.098205
1513 7.680717 3.443525 3.098248
1514 7.676148 3.443300 3.098291
1515 7.671585 3.443075 3.098334
1516 7.667027 3.442850 3.098377
1517 7.662474 3.442625 3.098419
1518 7.657927 3.442401 3.098462
1519 7.653385 3.442177 3.098505
1520 7.648848 3.441954 3.098548
1521 7.644317 3.441730 3.098591
1522 7.639791 3.441507 3.098634
1523 7.635270 3.441285 3.098677
1524 7.630755 3.441062 3.098720
1525 7.626245 3.440840 3.098764
1526 7.621740 3.440619 3.098807
1527 7.617240 3.440397 3.098850
1528 7.612746 3.440176 3.098893
1529 7.608257 3.439956 3.098936
1530 7.603773 3.439735 3.098979
1531 7.599294 3.439515 3.099022
1532 7.594821 3.439295 3.099065
1533 7.590353 3.439076 3.099108
1534 7.585890 3.438856 3.099152
1535 7.581432 3.438638 3.099195
1536 7.576979 3.438419 3.099238
1537 7.572532 3.438201 3.099281
1538 7.568090 3.437983 3.099324
1539 7.563653 3.437765 3.099368
1540 7.559221 3.437548 3.099411
1541 7.554794 3.437331 3.099454
1542 7.550372 3.437114 3.099497
1543 7.545956 3.436898 3.099541
1544 7.541544 3.436681 3.099584
1545 7.537138 3.436466 3.099627
1546 7.532737 3.436250 3.099671
1547 7.528341 3.436035 3.099714
1548 7.523949 3.435820 3.099757
1549 7.519563 3.435605 3.099801
1550 7.515183 3.435391 3.099844
1551 7.510807 3.435177 3.099887
1552 7.506436 3.434963 3.099931
1553 7.502070 3.434750 3.099974
1554 7.497709 3.434537 3.100017
1555 7.493353 3.434324 3.100061
1556 7.489003 3.434111 3.100104
1557 7.484657 3.433899 3.100148
1558 7.480316 3.433687 3.100191
1559 7.475980 3.433475 3.100234
1560 7.471649 3.433264 3.100278
1561 7.467323 3.433053 3.100321
1562 7.463003 3.432842 3.100365
1563 7.458687 3.432632 3.100408
1564 7.454376 3.432422 3.100452
1565 7.450069 3.432212 3.100495
1566 7.445768 3.432002 3.100539
1567 7.441472 3.431793 3.100582
1568 7.437181 3.431584 3.100626
1569 7.432894 3.431375 3.100669
1570 7.428613 3.431167 3.100712
1571 7.424336 3.430959 3.100756
1572 7.420064 3.430751 3.100799
1573 7.415797 3.430543 3.100843
1574 7.411535 3.430336 3.100886
1575 7.407278 3.430129 3.100930
1576 7.403025 3.429922 3.100973
1577 7.398778 3.429716 3.101017
1578 7.394535 3.429510 3.101061
1579 7.390297 3.429304 3.101104
1580 7.386064 3.429098 3.101148
1581 7.381835 3.428893 3.101191
1582 7.377612 3.428688 3.101235
1583 7.373393 3.428483 3.101278
1584 7.369179 3.428279 3.101322
1585 7.364970 3.428075 3.101365
1586 7.360765 3.427871 3.101409
1587 7.356565 3.427667 3.101452
1588 7.352370 3.427464 3.101496
1589 7.348180 3.427261 3.101539
1590 7.343995 3.427058 3.101583
1591 7.339814 3.426855 3.101626
1592 7.335638 3.426653 3.101670
1593 7.331466 3.426451 3.101714
1594 7.327299 3.426250 3.101757
1595 7.323137 3.426048 3.101801
1596 7.318980 3.425847 3.101844
1597 7.314827 3.425646 3.101888
1598 7.310679 3.425446 3.101931
1599 7.306536 3.425246 3.101975
1600 7.302397 3.425046 3.102018
1601 7.298263 3.424846 3.102062
1602 7.294133 3.424646 3.102106
1603 7.290009 3.424447 3.102149
1604 7.285888 3.424248 3.102193
1605 7.281773 3.424050 3.102236
1606 7.277662 3.423851 3.102280
1607 7.273555 3.423653 3.102323
1608 7.269453 3.423455 3.102367
1609 7.265356 3.423258 3.102410
1610 7.261263 3.423060 3.102454
1611 7.257175 3.422863 3.102497
1612 7.253091 3.422667 3.102541
1613 7.249012 3.422470 3.102585
1614 7.244938 3.422274 3.102628
1615 7.240868 3.422078 3.102672
1616 7.236802 3.421882 3.102715
1617 7.232741 3.421687 3.102759
1618 7.228685 3.421492 3.102802
1619 7.224633 3.421297 3.102846
1620 7.220585 3.421102 3.102889
1621 7.216542 3.420908 3.102933
1622 7.212504 3.420714 3.102976
1623 7.208470 3.420520 3.103020
1624 7.204440 3.420326 3.103063
1625 7.200415 3.420133 3.103107
1626 7.196394 3.419940 3.103150
1627 7.192378 3.419747 3.103194
1628 7.188366 3.419554 3.103237
1629 7.184359 3.419362 3.103281
1630 7.180356 3.419170 3.103324
1631 7.176357 3.418978 3.103368
1632 7.172363 3.418787 3.103411
1633 7.168374 3.418595 3.103455
1634 7.164388 3.418404 3.103498
1635 7.160407 3.418214 3.103542
1636 7.156431 3.418023 3.103585
1637 7.152458 3.417833 3.103628
1638 7.148490 3.417643 3.103672
1639 7.144527 3.417453 3.103715
1640 7.140568 3.417264 3.103759
1641 7.136613 3.417075 3.103802
1642 7.132662 3.416886 3.103846
1643 7.128716 3.416697 3.103889
1644 7.124774 3.416508 3.103932
1645 7.120837 3.416320 3.103976
1646 7.116903 3.416132 3.104019
1647 7.112974 3.415944 3.104063
1648 7.109050 3.415757 3.104106
1649 7.105129 3.415570 3.104149
1650 7.101213 3.415383 3.104193
1651 7.097301 3.415196 3.104236
1652 7.093394 3.415010 3.104279
1653 7.089490 3.414823 3.104323
1654 7.085591 3.414638 3.104366
1655 7.081696 3.414452 3.104409
1656 7.077806 3.414266 3.104453
1657 7.073919 3.414081 3.104496
1658 7.070037 3.413896 3.104539
1659 7.066159 3.413711 3.104583
1660 7.062285 3.413527 3.104626
1661 7.058416 3.413343 3.104669
1662 7.054550 3.413159 3.104712
1663 7.050689 3.412975 3.104756
1664 7.046832 3.412791 3.104799
1665 7.042979 3.412608 3.104842
1666 7.039131 3.412425 3.104885
1667 7.035286 3.412242 3.104929
1668 7.031446 3.412060 3.104972
1669 7.027610 3.411877 3.105015
1670 7.023778 3.411695 3.105058
1671 7.019950 3.411514 3.105102
1672 7.016126 3.411332 3.105145
1673 7.012306 3.411151 3.105188
1674 7.008490 3.410970 3.105231
1675 7.004679 3.410789 3.105274
1676 7.000872 3.410608 3.105317
1677 6.997068 3.410428 3.105361
1678 6.993269 3.410247 3.105404
1679 6.989474 3.410068 3.105447
1680 6.985683 3.409888 3.105490
1681 6.981896 3.409708 3.105533
1682 6.978113 3.409529 3.105576
1683 6.974334 3.409350 3.105619
1684 6.970559 3.409171 3.105662
1685 6.966788 3.408993 3.105705
1686 6.963021 3.408815 3.105748
1687 6.959259 3.408637 3.105791
1688 6.955500 3.408459 3.105834
1689 6.951745 3.408281 3.105877
1690 6.947994 3.408104 3.105920
1691 6.944248 3.407927 3.105963
1692 6.940505 3.407750 3.106006
1693 6.936766 3.407573 3.106049
1694 6.933032 3.407397 3.106092
1695 6.929301 3.407221 3.106135
1696 6.925574 3.407045 3.106178
1697 6.921851 3.406869 3.106221
1698 6.918132 3.406694 3.106264
1699 6.914417 3.406518 3.106307
1700 6.910706 3.406343 3.106350
1701 6.906999 3.406168 3.106393
1702 6.903296 3.405994 3.106436
1703 6.899597 3.405819 3.106478
1704 6.895902 3.405645 3.106521
1705 6.892210 3.405471 3.106564
1706 6.888523 3.405298 3.106607
1707 6.884839 3.405124 3.106650
1708 6.881159 3.404951 3.106692
1709 6.877484 3.404778 3.106735
1710 6.873812 3.404605 3.106778
1711 6.870144 3.404433 3.106821
1712 6.866479 3.404260 3.106864
1713 6.862819 3.404088 3.106906
1714 6.859163 3.403916 3.106949
1715 6.855510 3.403745 3.106992
1716 6.851861 3.403573 3.107034
1717 6.848216 3.403402 3.107077
1718 6.844575 3.403231 3.107120
1719 6.840938 3.403060 3.107162
1720 6.837305 3.402890 3.107205
1721 6.833675 3.402719 3.107248
1722 6.830049 3.402549 3.107290
1723 6.826427 3.402379 3.107333
1724 6.822809 3.402210 3.107375
1725 6.819194 3.402040 3.107418
1726 6.815584 3.401871 3.107461
1727 6.811977 3.401702 3.107503
1728 6.808374 3.401533 3.107546
1729 6.804775 3.401364 3.107588
1730 6.801179 3.401196 3.107631
1731 6.797587 3.401028 3.107673
1732 6.793999 3.400860 3.107716
1733 6.790415 3.400692 3.107758
1734 6.786834 3.400525 3.107800
1735 6.783257 3.400357 3.107843
1736 6.779684 3.400190 3.107885
1737 6.776115 3.400023 3.107928
1738 6.772549 3.399857 3.107970
1739 6.768987 3.399690 3.108012
1740 6.765429 3.399524 3.108055
1741 6.761874 3.399358 3.108097
1742 6.758323 3.399192 3.108139
1743 6.754776 3.399027 3.108182
1744 6.751233 3.398861 3.108224
1745 6.747693 3.398696 3.108266
1746 6.744157 3.398531 3.108309
1747 6.740624 3.398366 3.108351
1748 6.737095 3.398202 3.108393
1749 6.733570 3.398037 3.108435
1750 6.730048 3.397873 3.108477
1751 6.726530 3.397709 3.108520
1752 6.723016 3.397546 3.108562
1753 6.719505 3.397382 3.108604
1754 6.715998 3.397219 3.108646
1755 6.712495 3.397056 3.108688
1756 6.708995 3.396893 3.108730
1757 6.705499 3.396730 3.108772
1758 6.702006 3.396568 3.108814
1759 6.698517 3.396405 3.108857
1760 6.695032 3.396243 3.108899
1761 6.691550 3.396081 3.108941
1762 6.688072 3.395920 3.108983
1763 6.684597 3.395758 3.109025
1764 6.681126 3.395597 3.109067
1765 6.677658 3.395436 3.109109
1766 6.674194 3.395275 3.109151
1767 6.670734 3.395115 3.109192
1768 6.667277 3.394954 3.109234
1769 6.663824 3.394794 3.109276
1770 6.660374 3.394634 3.109318
1771 6.656927 3.394474 3.109360
1772 6.653485 3.394314 3.109402
1773 6.650045 3.394155 3.109444
1774 6.646610 3.393996 3.109485
1775 6.643177 3.393837 3.109527
1776 6.639749 3.393678 3.109569
1777 6.636323 3.393519 3.109611
1778 6.632902 3.393361 3.109653
1779 6.629483 3.393203 3.109694
1780 6.626068 3.393045 3.109736
1781 6.622657 3.392887 3.109778
1782 6.619249 3.392729 3.109819
1783 6.615845 3.392572 3.109861
1784 6.612444 3.392415 3.109903
1785 6.609047 3.392257 3.109944
1786 6.605653 3.392101 3.109986
1787 6.602262 3.391944 3.110027
1788 6.598875 3.391788 3.110069
1789 6.595491 3.391631 3.110111
1790 6.592111 3.391475 3.110152
1791 6.588734 3.391319 3.110194
1792 6.585361 3.391164 3.110235
1793 6.581991 3.391008 3.110277
1794 6.578624 3.390853 3.110318
1795 6.575261 3.390698 3.110360
1796 6.571901 3.390543 3.110401
1797 6.568544 3.390388 3.110442
1798 6.565191 3.390234 3.110484
1799 6.561842 3.390079 3.110525
1800 6.558496 3.389925 3.110567
1801 6.555153 3.389771 3.110608
1802 6.551813 3.389618 3.110649
1803 6.548477 3.389464 3.110691
1804 6.545144 3.389311 3.110732
1805 6.541815 3.389157 3.110773
1806 6.538488 3.389004 3.110814
1807 6.535166 3.388852 3.110856
1808 6.531846 3.388699 3.110897
1809 6.528530 3.388547 3.110938
1810 6.525217 3.388394 3.110979
1811 6.521908 3.388242 3.111020
1812 6.518602 3.388091 3.111061
1813 6.515299 3.387939 3.111103
1814 6.511999 3.387787 3.111144
1815 6.508703 3.387636 3.111185
1816 6.505410 3.387485 3.111226
1817 6.502121 3.387334 3.111267
1818 6.498834 3.387183 3.111308
1819 6.495551 3.387033 3.111349
1820 6.492271 3.386882 3.111390
1821 6.488995 3.386732 3.111431
1822 6.485722 3.386582 3.111472
1823 6.482452 3.386433 3.111513
1824 6.479185 3.386283 3.111554
1825 6.475921 3.386133 3.111595
1826 6.472661 3.385984 3.111636
1827 6.469404 3.385835 3.111676
1828 6.466150 3.385686 3.111717
1829 6.462900 3.385538 3.111758
1830 6.459653 3.385389 3.111799
1831 6.456408 3.385241 3.111840
1832 6.453168 3.385093 3.111880
1833 6.449930 3.384945 3.111921
1834 6.446696 3.384797 3.111962
1835 6.443464 3.384649 3.112003
1836 6.440236 3.384502 3.112043
1837 6.437011 3.384354 3.112084
1838 6.433790 3.384207 3.112125
1839 6.430571 3.384061 3.112165
1840 6.427356 3.383914 3.112206
1841 6.424144 3.383767 3.112246
1842 6.420935 3.383621 3.112287
1843 6.417729 3.383475 3.112328
1844 6.414527 3.383329 3.112368
1845 6.411327 3.383183 3.112409
1846 6.408131 3.383037 3.112449
1847 6.404938 3.382892 3.112490
1848 6.401748 3.382747 3.112530
1849 6.398561 3.382601 3.112570
1850 6.395377 3.382456 3.112611
1851 6.392197 3.382312 3.112651
1852 6.389019 3.382167 3.112692
1853 6.385845 3.382023 3.112732
1854 6.382674 3.381879 3.112772
1855 6.379505 3.381734 3.112813
1856 6.376340 3.381591 3.112853
1857 6.373179 3.381447 3.112893
1858 6.370020 3.381303 3.112934
1859 6.366864 3.381160 3.112974
1860 6.363711 3.381017 3.113014
1861 6.360562 3.380874 3.113054
1862 6.357415 3.380731 3.113094
1863 6.354272 3.380588 3.113135
1864 6.351132 3.380446 3.113175
1865 6.347994 3.380303 3.113215
1866 6.344860 3.380161 3.113255
1867 6.341729 3.380019 3.113295
1868 6.338601 3.379878 3.113335
1869 6.335476 3.379736 3.113375
1870 6.332354 3.379594 3.113415
1871 6.329235 3.379453 3.113455
1872 6.326119 3.379312 3.113495
1873 6.323006 3.379171 3.113535
1874 6.319896 3.379030 3.113575
1875 6.316789 3.378890 3.113615
1876 6.313686 3.378749 3.113655
1877 6.310585 3.378609 3.113695
1878 6.307487 3.378469 3.113735
1879 6.304392 3.378329 3.113774
1880 6.301300 3.378189 3.113814
1881 6.298212 3.378049 3.113854
1882 6.295126 3.377910 3.113894
1883 6.292043 3.377771 3.113934
1884 6.288963 3.377632 3.113973
1885 6.285886 3.377493 3.114013
1886 6.282812 3.377354 3.114053
1887 6.279741 3.377215 3.114092
1888 6.276673 3.377077 3.114132
1889 6.273608 3.376939 3.114172
1890 6.270546 3.376801 3.114211
1891 6.267487 3.376663 3.114251
1892 6.264431 3.376525 3.114290
1893 6.261378 3.376387 3.114330
1894 6.258328 3.376250 3.114369
1895 6.255280 3.376112 3.114409
1896 6.252236 3.375975 3.114448
1897 6.249194 3.375838 3.114488
1898 6.246156 3.375702 3.114527
1899 6.243120 3.375565 3.114567
1900 6.240088 3.375429 3.114606
1901 6.237058 3.375292 3.114646
1902 6.234031 3.375156 3.114685
1903 6.231007 3.375020 3.114724
1904 6.227986 3.374884 3.114764
1905 6.224968 3.374749 3.114803
1906 6.221952 3.374613 3.114842
1907 6.218940 3.374478 3.114882
1908 6.215930 3.374343 3.114921
1909 6.212924 3.374208 3.114960
1910 6.209920 3.374073 3.114999
1911 6.206919 3.373938 3.115038
1912 6.203921 3.373803 3.115078
1913 6.200926 3.373669 3.115117
1914 6.197933 3.373535 3.115156
1915 6.194944 3.373401 3.115195
1916 6.191957 3.373267 3.115234
1917 6.188973 3.373133 3.115273
1918 6.185992 3.373000 3.115312
1919 6.183014 3.372866 3.115351
1920 6.180039 3.372733 3.115390
1921 6.177066 3.372600 3.115429
1922 6.174097 3.372467 3.115468
1923 6.171130 3.372334 3.115507
1924 6.168166 3.372201 3.115546
1925 6.165205 3.372069 3.115585
1926 6.162246 3.371937 3.115624
1927 6.159291 3.371804 3.115662
1928 6.156338 3.371672 3.115701
1929 6.153388 3.371541 3.115740
1930 6.150441 3.371409 3.115779
1931 6.147497 3.371277 3.115818
1932 6.144555 3.371146 3.115856
1933 6.141616 3.371015 3.115895
1934 6.138680 3.370884 3.115934
1935 6.135747 3.370753 3.115972
1936 6.132816 3.370622 3.116011
1937 6.129888 3.370491 3.116050
1938 6.126963 3.370361 3.116088
1939 6.124041 3.370230 3.116127
1940 6.121122 3.370100 3.116165
1941 6.118205 3.369970 3.116204
1942 6.115291 3.369840 3.116243
1943 6.112380 3.369711 3.116281
1944 6.109471 3.369581 3.116320
1945 6.106565 3.369452 3.116358
1946 6.103662 3.369322 3.116396
1947 6.100762 3.369193 3.116435
1948 6.097864 3.369064 3.116473
1949 6.094970 3.368935 3.116512
1950 6.092077 3.368807 3.116550
1951 6.089188 3.368678 3.116588
1952 6.086301 3.368550 3.116627
1953 6.083417 3.368422 3.116665
1954 6.080536 3.368294 3.116703
1955 6.077657 3.368166 3.116741
1956 6.074781 3.368038 3.116780
1957 6.071908 3.367910 3.116818
1958 6.069037 3.367783 3.116856
1959 6.066169 3.367656 3.116894
1960 6.063304 3.367528 3.116932
1961 6.060442 3.367401 3.116971
1962 6.057582 3.367274 3.117009
1963 6.054725 3.367148 3.117047
1964 6.051870 3.367021 3.117085
1965 6.049018 3.366895 3.117123
1966 6.046169 3.366768 3.117161
1967 6.043322 3.366642 3.117199
1968 6.040478 3.366516 3.117237
1969 6.037637 3.366390 3.117275
1970 6.034798 3.366265 3.117313
1971 6.031962 3.366139 3.117351
1972 6.029129 3.366014 3.117389
1973 6.026298 3.365888 3.117426
1974 6.023470 3.365763 3.117464
