2 2639.324 6.066732 9.169905
3 1707.560 6.697975 7.601775
4 1307.517 6.803425 6.781389
5 1078.763 6.746814 6.214920
6 928.4280 6.633243 5.805110
7 820.7543 6.502990 5.503897
8 739.0116 6.372609 5.277176
9 674.3356 6.248672 5.101562
10 621.5760 6.133438 4.962045
11 577.5166 6.027333 4.849170
12 540.0327 5.930037 4.756804
13 507.6571 5.840946 4.680736
14 479.3404 5.759376 4.617883
15 454.3103 5.684643 4.565868
16 431.9849 5.616102 4.522792
17 411.9169 5.553155 4.487110
18 393.7563 5.495260 4.457548
19 377.2249 5.441925 4.433057
20 362.0985 5.392707 4.412766
21 348.1943 5.347211 4.395955
22 335.3613 5.305081 4.382028
23 323.4736 5.265999 4.370491
24 312.4254 5.229680 4.360934
25 302.1267 5.195870 4.353021
26 292.5006 5.164341 4.346469
27 283.4808 5.134890 4.341047
28 275.0100 5.107333 4.336561
29 267.0379 5.081508 4.332852
30 259.5206 5.057266 4.329787
31 252.4194 5.034476 4.327254
32 245.6998 5.013018 4.325163
33 239.3315 4.992785 4.323436
34 233.2870 4.973680 4.322009
35 227.5420 4.955616 4.320830
36 222.0744 4.938512 4.319855
37 216.8644 4.922298 4.319045
38 211.8942 4.906906 4.318372
39 207.1472 4.892279 4.317808
40 202.6089 4.878362 4.317332
41 198.2655 4.865105 4.316928
42 194.1048 4.852463 4.316579
43 190.1155 4.840395 4.316274
44 186.2870 4.828863 4.316002
45 182.6099 4.817832 4.315755
46 179.0754 4.807271 4.315526
47 175.6752 4.797150 4.315309
48 172.4020 4.787442 4.315099
49 169.2486 4.778122 4.314893
50 166.2086 4.769166 4.314686
51 163.2761 4.760555 4.314478
52 160.4454 4.752268 4.314264
53 157.7113 4.744286 4.314045
54 155.0690 4.736593 4.313818
55 152.5139 4.729173 4.313582
56 150.0417 4.722011 4.313338
57 147.6486 4.715094 4.313083
58 145.3307 4.708409 4.312817
59 143.0847 4.701944 4.312541
60 140.9071 4.695688 4.312254
61 138.7950 4.689630 4.311955
62 136.7454 4.683762 4.311646
63 134.7556 4.678072 4.311325
64 132.8230 4.672555 4.310993
65 130.9453 4.667200 4.310651
66 129.1200 4.662001 4.310297
67 127.3451 4.656950 4.309932
68 125.6184 4.652042 4.309557
69 123.9381 4.647269 4.309171
70 122.3023 4.642625 4.308775
71 120.7093 4.638106 4.308368
72 119.1574 4.633706 4.307952
73 117.6450 4.629419 4.307525
74 116.1707 4.625242 4.307089
75 114.7331 4.621169 4.306643
76 113.3307 4.617196 4.306188
77 111.9624 4.613320 4.305723
78 110.6269 4.609536 4.305249
79 109.3229 4.605842 4.304766
80 108.0496 4.602233 4.304274
81 106.8056 4.598706 4.303773
82 105.5902 4.595258 4.303263
83 104.4022 4.591887 4.302745
84 103.2409 4.588589 4.302218
85 102.1052 4.585361 4.301683
86 100.9944 4.582202 4.301139
87 99.90758 4.579109 4.300586
88 98.84409 4.576079 4.300026
89 97.80314 4.573110 4.299457
90 96.78402 4.570200 4.298880
91 95.78606 4.567348 4.298295
92 94.80861 4.564550 4.297701
93 93.85104 4.561805 4.297100
94 92.91276 4.559112 4.296490
95 91.99319 4.556469 4.295872
96 91.09177 4.553874 4.295246
97 90.20798 4.551326 4.294612
98 89.34130 4.548822 4.293970
99 88.49126 4.546362 4.293320
100 87.65736 4.543945 4.292662
101 86.83916 4.541568 4.291996
102 86.03623 4.539231 4.291321
103 85.24813 4.536932 4.290639
104 84.47447 4.534670 4.289948
105 83.71485 4.532445 4.289249
106 82.96889 4.530254 4.288542
107 82.23624 4.528098 4.287827
108 81.51653 4.525974 4.287103
109 80.80944 4.523882 4.286371
110 80.11462 4.521821 4.285631
111 79.43178 4.519791 4.284882
112 78.76060 4.517789 4.284125
113 78.10078 4.515816 4.283360
114 77.45205 4.513870 4.282585
115 76.81413 4.511951 4.281802
116 76.18674 4.510058 4.281011
117 75.56964 4.508190 4.280211
118 74.96257 4.506347 4.279402
119 74.36530 4.504528 4.278584
120 73.77758 4.502731 4.277757
121 73.19919 4.500958 4.276921
122 72.62992 4.499206 4.276076
123 72.06954 4.497475 4.275222
124 71.51786 4.495765 4.274359
125 70.97467 4.494075 4.273486
126 70.43979 4.492405 4.272604
127 69.91302 4.490754 4.271713
128 69.39418 4.489121 4.270812
129 68.88309 4.487506 4.269902
130 68.37959 4.485909 4.268982
131 67.88350 4.484329 4.268052
132 67.39467 4.482765 4.267112
133 66.91294 4.481218 4.266162
134 66.43816 4.479686 4.265203
135 65.97017 4.478170 4.264233
136 65.50884 4.476668 4.263253
137 65.05402 4.475181 4.262263
138 64.60558 4.473708 4.261263
139 64.16339 4.472249 4.260252
140 63.72732 4.470803 4.259230
141 63.29724 4.469370 4.258198
142 62.87303 4.467949 4.257155
143 62.45457 4.466541 4.256102
144 62.04176 4.465145 4.255037
145 61.63446 4.463760 4.253962
146 61.23259 4.462387 4.252875
147 60.83602 4.461025 4.251778
148 60.44467 4.459673 4.250669
149 60.05842 4.458332 4.249549
150 59.67717 4.457001 4.248417
151 59.30084 4.455680 4.247274
152 58.92933 4.454368 4.246119
153 58.56255 4.453066 4.244953
154 58.20040 4.451773 4.243774
155 57.84281 4.450489 4.242584
156 57.48969 4.449213 4.241382
157 57.14095 4.447945 4.240168
158 56.79652 4.446686 4.238942
159 56.45632 4.445435 4.237704
160 56.12027 4.444191 4.236453
161 55.78830 4.442954 4.235190
162 55.46033 4.441725 4.233915
163 55.13629 4.440503 4.232627
164 54.81612 4.439287 4.231326
165 54.49975 4.438078 4.230013
166 54.18710 4.436876 4.228687
167 53.87813 4.435680 4.227348
168 53.57275 4.434489 4.225996
169 53.27091 4.433305 4.224631
170 52.97256 4.432126 4.223253
171 52.67763 4.430953 4.221861
172 52.38606 4.429785 4.220457
173 52.09780 4.428622 4.219039
174 51.81279 4.427464 4.217608
175 51.53098 4.426311 4.216163
176 51.25232 4.425163 4.214705
177 50.97675 4.424019 4.213233
178 50.70423 4.422879 4.211748
179 50.43470 4.421744 4.210249
180 50.16812 4.420613 4.208736
181 49.90444 4.419485 4.207209
182 49.64361 4.418362 4.205669
183 49.38559 4.417242 4.204114
184 49.13034 4.416125 4.202545
185 48.87781 4.415012 4.200963
186 48.62795 4.413902 4.199366
187 48.38073 4.412795 4.197755
188 48.13611 4.411691 4.196130
189 47.89405 4.410590 4.194491
190 47.65451 4.409492 4.192837
191 47.41744 4.408396 4.191169
192 47.18282 4.407303 4.189487
193 46.95060 4.406212 4.187790
194 46.72075 4.405123 4.186079
195 46.49323 4.404037 4.184353
196 46.26802 4.402953 4.182613
197 46.04507 4.401870 4.180858
198 45.82435 4.400790 4.179089
199 45.60584 4.399711 4.177305
200 45.38949 4.398634 4.175506
201 45.17528 4.397558 4.173693
202 44.96317 4.396484 4.171865
203 44.75314 4.395411 4.170023
204 44.54516 4.394340 4.168166
205 44.33919 4.393270 4.166294
206 44.13522 4.392200 4.164408
207 43.93320 4.391132 4.162507
208 43.73312 4.390065 4.160591
209 43.53495 4.388998 4.158660
210 43.33865 4.387933 4.156715
211 43.14421 4.386868 4.154756
212 42.95160 4.385803 4.152781
213 42.76080 4.384739 4.150792
214 42.57177 4.383676 4.148789
215 42.38450 4.382613 4.146770
216 42.19896 4.381550 4.144738
217 42.01513 4.380488 4.142690
218 41.83299 4.379425 4.140628
219 41.65251 4.378363 4.138552
220 41.47367 4.377301 4.136461
221 41.29645 4.376238 4.134356
222 41.12084 4.375176 4.132236
223 40.94679 4.374113 4.130103
224 40.77431 4.373051 4.127954
225 40.60336 4.371987 4.125792
226 40.43394 4.370924 4.123615
227 40.26600 4.369860 4.121425
228 40.09955 4.368796 4.119220
229 39.93456 4.367731 4.117001
230 39.77101 4.366666 4.114768
231 39.60888 4.365600 4.112522
232 39.44816 4.364533 4.110261
233 39.28883 4.363465 4.107987
234 39.13086 4.362397 4.105699
235 38.97425 4.361328 4.103398
236 38.81898 4.360258 4.101083
237 38.66503 4.359187 4.098754
238 38.51238 4.358116 4.096413
239 38.36102 4.357043 4.094058
240 38.21093 4.355969 4.091690
241 38.06210 4.354894 4.089309
242 37.91451 4.353818 4.086915
243 37.76815 4.352741 4.084508
244 37.62300 4.351663 4.082088
245 37.47904 4.350583 4.079656
246 37.33628 4.349502 4.077211
247 37.19468 4.348420 4.074753
248 37.05423 4.347336 4.072284
249 36.91493 4.346252 4.069802
250 36.77676 4.345165 4.067308
251 36.63970 4.344078 4.064802
252 36.50375 4.342988 4.062284
253 36.36888 4.341898 4.059755
254 36.23509 4.340805 4.057214
255 36.10237 4.339712 4.054662
256 35.97070 4.338616 4.052098
257 35.84007 4.337519 4.049523
258 35.71047 4.336421 4.046937
259 35.58188 4.335321 4.044340
260 35.45430 4.334219 4.041732
261 35.32772 4.333115 4.039114
262 35.20211 4.332010 4.036485
263 35.07748 4.330903 4.033846
264 34.95381 4.329794 4.031197
265 34.83109 4.328684 4.028538
266 34.70931 4.327571 4.025869
267 34.58846 4.326457 4.023190
268 34.46853 4.325341 4.020501
269 34.34951 4.324224 4.017804
270 34.23139 4.323104 4.015097
271 34.11416 4.321983 4.012380
272 33.99780 4.320859 4.009655
273 33.88232 4.319734 4.006921
274 33.76770 4.318607 4.004179
275 33.65393 4.317478 4.001428
276 33.54100 4.316347 3.998669
277 33.42890 4.315214 3.995901
278 33.31763 4.314080 3.993126
279 33.20717 4.312943 3.990343
280 33.09753 4.311805 3.987552
281 32.98868 4.310664 3.984754
282 32.88062 4.309522 3.981949
283 32.77334 4.308377 3.979137
284 32.66683 4.307231 3.976317
285 32.56110 4.306083 3.973491
286 32.45611 4.304932 3.970659
287 32.35188 4.303780 3.967820
288 32.24839 4.302626 3.964975
289 32.14564 4.301470 3.962123
290 32.04361 4.300312 3.959266
291 31.94230 4.299152 3.956403
292 31.84170 4.297990 3.953535
293 31.74181 4.296826 3.950662
294 31.64261 4.295660 3.947783
295 31.54410 4.294492 3.944899
296 31.44628 4.293322 3.942010
297 31.34914 4.292150 3.939117
298 31.25266 4.290977 3.936219
299 31.15685 4.289801 3.933317
300 31.06169 4.288623 3.930411
301 30.96718 4.287444 3.927501
302 30.87332 4.286263 3.924587
303 30.78009 4.285079 3.921670
304 30.68749 4.283894 3.918749
305 30.59552 4.282707 3.915825
306 30.50417 4.281518 3.912898
307 30.41343 4.280327 3.909968
308 30.32329 4.279135 3.907035
309 30.23376 4.277940 3.904099
310 30.14481 4.276744 3.901162
311 30.05646 4.275546 3.898222
312 29.96869 4.274346 3.895280
313 29.88150 4.273144 3.892336
314 29.79488 4.271941 3.889390
315 29.70882 4.270735 3.886443
316 29.62333 4.269528 3.883494
317 29.53839 4.268319 3.880544
318 29.45400 4.267109 3.877593
319 29.37016 4.265896 3.874641
320 29.28686 4.264682 3.871688
321 29.20409 4.263466 3.868735
322 29.12185 4.262249 3.865781
323 29.04013 4.261030 3.862827
324 28.95894 4.259809 3.859873
325 28.87826 4.258587 3.856919
326 28.79809 4.257363 3.853965
327 28.71842 4.256137 3.851011
328 28.63926 4.254910 3.848058
329 28.56059 4.253681 3.845106
330 28.48241 4.252451 3.842154
331 28.40472 4.251219 3.839203
332 28.32751 4.249986 3.836253
333 28.25078 4.248751 3.833304
334 28.17452 4.247515 3.830357
335 28.09873 4.246277 3.827411
336 28.02340 4.245037 3.824467
337 27.94854 4.243797 3.821524
338 27.87413 4.242555 3.818583
339 27.80018 4.241311 3.815645
340 27.72667 4.240066 3.812708
341 27.65361 4.238820 3.809774
342 27.58098 4.237573 3.806842
343 27.50880 4.236324 3.803913
344 27.43704 4.235074 3.800986
345 27.36572 4.233822 3.798062
346 27.29481 4.232569 3.795141
347 27.22433 4.231316 3.792223
348 27.15427 4.230060 3.789308
349 27.08462 4.228804 3.786397
350 27.01538 4.227547 3.783488
351 26.94654 4.226288 3.780584
352 26.87811 4.225028 3.777682
353 26.81008 4.223767 3.774785
354 26.74244 4.222505 3.771891
355 26.67519 4.221242 3.769002
356 26.60834 4.219978 3.766116
357 26.54187 4.218713 3.763234
358 26.47578 4.217447 3.760357
359 26.41006 4.216180 3.757484
360 26.34473 4.214912 3.754616
361 26.27977 4.213643 3.751752
362 26.21517 4.212373 3.748892
363 26.15094 4.211102 3.746038
364 26.08708 4.209830 3.743188
365 26.02357 4.208557 3.740343
366 25.96042 4.207284 3.737503
367 25.89762 4.206010 3.734668
368 25.83518 4.204734 3.731839
369 25.77308 4.203459 3.729014
370 25.71132 4.202182 3.726196
371 25.64991 4.200905 3.723382
372 25.58884 4.199627 3.720574
373 25.52810 4.198348 3.717772
374 25.46769 4.197068 3.714975
375 25.40762 4.195788 3.712184
376 25.34787 4.194508 3.709399
377 25.28845 4.193226 3.706620
378 25.22935 4.191944 3.703847
379 25.17057 4.190662 3.701080
380 25.11211 4.189379 3.698319
381 25.05396 4.188095 3.695564
382 24.99612 4.186811 3.692816
383 24.93860 4.185527 3.690074
384 24.88137 4.184242 3.687338
385 24.82446 4.182956 3.684609
386 24.76784 4.181670 3.681886
387 24.71153 4.180384 3.679170
388 24.65551 4.179097 3.676461
389 24.59978 4.177810 3.673758
390 24.54435 4.176523 3.671062
391 24.48921 4.175235 3.668373
392 24.43435 4.173948 3.665691
393 24.37978 4.172659 3.663016
394 24.32549 4.171371 3.660347
395 24.27149 4.170082 3.657686
396 24.21776 4.168793 3.655032
397 24.16431 4.167504 3.652385
398 24.11113 4.166215 3.649745
399 24.05822 4.164925 3.647113
400 24.00558 4.163636 3.644488
401 23.95321 4.162346 3.641870
402 23.90111 4.161056 3.639259
403 23.84927 4.159766 3.636656
404 23.79769 4.158476 3.634060
405 23.74636 4.157186 3.631472
406 23.69530 4.155896 3.628892
407 23.64449 4.154606 3.626319
408 23.59394 4.153316 3.623753
409 23.54363 4.152026 3.621195
410 23.49358 4.150736 3.618645
411 23.44377 4.149446 3.616103
412 23.39421 4.148157 3.613568
413 23.34489 4.146867 3.611042
414 23.29581 4.145577 3.608523
415 23.24698 4.144288 3.606011
416 23.19838 4.142999 3.603508
417 23.15002 4.141710 3.601013
418 23.10189 4.140421 3.598525
419 23.05399 4.139132 3.596046
420 23.00633 4.137844 3.593575
421 22.95890 4.136556 3.591111
422 22.91169 4.135268 3.588656
423 22.86471 4.133981 3.586208
424 22.81795 4.132693 3.583769
425 22.77141 4.131406 3.581338
426 22.72510 4.130120 3.578915
427 22.67900 4.128834 3.576500
428 22.63313 4.127548 3.574093
429 22.58746 4.126262 3.571695
430 22.54202 4.124977 3.569305
431 22.49678 4.123693 3.566922
432 22.45176 4.122408 3.564549
433 22.40694 4.121125 3.562183
434 22.36234 4.119841 3.559826
435 22.31794 4.118559 3.557477
436 22.27374 4.117276 3.555136
437 22.22975 4.115995 3.552803
438 22.18596 4.114713 3.550479
439 22.14237 4.113433 3.548163
440 22.09898 4.112153 3.545856
441 22.05579 4.110873 3.543557
442 22.01280 4.109594 3.541266
443 21.97000 4.108316 3.538984
444 21.92739 4.107038 3.536709
445 21.88498 4.105761 3.534444
446 21.84275 4.104485 3.532186
447 21.80072 4.103209 3.529938
448 21.75887 4.101934 3.527697
449 21.71721 4.100660 3.525465
450 21.67573 4.099386 3.523241
451 21.63444 4.098113 3.521026
452 21.59334 4.096841 3.518819
453 21.55241 4.095570 3.516621
454 21.51166 4.094299 3.514430
455 21.47110 4.093030 3.512249
456 21.43071 4.091761 3.510076
457 21.39049 4.090492 3.507911
458 21.35045 4.089225 3.505754
459 21.31059 4.087958 3.503606
460 21.27090 4.086693 3.501467
461 21.23138 4.085428 3.499336
462 21.19203 4.084164 3.497213
463 21.15285 4.082901 3.495098
464 21.11384 4.081639 3.492992
465 21.07499 4.080377 3.490895
466 21.03631 4.079117 3.488806
467 20.99780 4.077858 3.486725
468 20.95945 4.076599 3.484652
469 20.92126 4.075342 3.482588
470 20.88323 4.074085 3.480533
471 20.84537 4.072830 3.478485
472 20.80766 4.071575 3.476446
473 20.77011 4.070322 3.474416
474 20.73271 4.069069 3.472394
475 20.69548 4.067818 3.470380
476 20.65840 4.066567 3.468374
477 20.62147 4.065318 3.466377
478 20.58469 4.064070 3.464388
479 20.54807 4.062823 3.462407
480 20.51160 4.061576 3.460435
481 20.47527 4.060331 3.458470
482 20.43910 4.059087 3.456514
483 20.40307 4.057845 3.454567
484 20.36719 4.056603 3.452627
485 20.33146 4.055362 3.450696
486 20.29587 4.054123 3.448773
487 20.26043 4.052885 3.446859
488 20.22513 4.051648 3.444952
489 20.18997 4.050412 3.443054
490 20.15495 4.049177 3.441163
491 20.12007 4.047944 3.439281
492 20.08533 4.046711 3.437407
493 20.05073 4.045480 3.435541
494 20.01627 4.044250 3.433684
495 19.98194 4.043022 3.431834
496 19.94775 4.041794 3.429993
497 19.91370 4.040568 3.428159
498 19.87978 4.039343 3.426334
499 19.84599 4.038120 3.424516
500 19.81234 4.036897 3.422707
501 19.77881 4.035676 3.420905
502 19.74542 4.034457 3.419112
503 19.71216 4.033238 3.417326
504 19.67902 4.032021 3.415549
505 19.64602 4.030805 3.413779
506 19.61314 4.029591 3.412018
507 19.58039 4.028378 3.410264
508 19.54776 4.027166 3.408518
509 19.51526 4.025955 3.406780
510 19.48288 4.024746 3.405049
511 19.45063 4.023539 3.403327
512 19.41850 4.022332 3.401612
513 19.38649 4.021127 3.399905
514 19.35460 4.019924 3.398206
515 19.32284 4.018721 3.396515
516 19.29119 4.017521 3.394831
517 19.25966 4.016321 3.393155
518 19.22825 4.015123 3.391487
519 19.19696 4.013927 3.389826
520 19.16579 4.012732 3.388174
521 19.13473 4.011538 3.386528
522 19.10378 4.010346 3.384890
523 19.07295 4.009155 3.383260
524 19.04224 4.007965 3.381638
525 19.01164 4.006778 3.380023
526 18.98115 4.005591 3.378415
527 18.95077 4.004406 3.376815
528 18.92051 4.003223 3.375222
529 18.89035 4.002041 3.373637
530 18.86030 4.000860 3.372059
531 18.83037 3.999681 3.370489
532 18.80054 3.998504 3.368926
533 18.77082 3.997328 3.367371
534 18.74121 3.996153 3.365822
535 18.71171 3.994980 3.364281
536 18.68231 3.993809 3.362748
537 18.65301 3.992639 3.361221
538 18.62382 3.991470 3.359702
539 18.59474 3.990304 3.358190
540 18.56576 3.989138 3.356686
541 18.53688 3.987974 3.355188
542 18.50810 3.986812 3.353698
543 18.47943 3.985652 3.352215
544 18.45086 3.984493 3.350739
545 18.42239 3.983335 3.349269
546 18.39401 3.982179 3.347808
547 18.36574 3.981025 3.346353
548 18.33757 3.979872 3.344905
549 18.30949 3.978721 3.343464
550 18.28152 3.977571 3.342030
551 18.25364 3.976423 3.340603
552 18.22585 3.975276 3.339183
553 18.19817 3.974132 3.337770
554 18.17057 3.972988 3.336364
555 18.14308 3.971847 3.334964
556 18.11567 3.970707 3.333572
557 18.08837 3.969568 3.332186
558 18.06115 3.968431 3.330807
559 18.03403 3.967296 3.329434
560 18.00700 3.966163 3.328069
561 17.98006 3.965031 3.326710
562 17.95321 3.963900 3.325358
563 17.92646 3.962772 3.324013
564 17.89979 3.961645 3.322674
565 17.87322 3.960519 3.321341
566 17.84673 3.959396 3.320016
567 17.82033 3.958273 3.318697
568 17.79402 3.957153 3.317384
569 17.76780 3.956034 3.316078
570 17.74167 3.954917 3.314779
571 17.71562 3.953802 3.313486
572 17.68966 3.952688 3.312199
573 17.66378 3.951576 3.310919
574 17.63800 3.950465 3.309645
575 17.61229 3.949356 3.308378
576 17.58667 3.948249 3.307117
577 17.56113 3.947144 3.305862
578 17.53568 3.946040 3.304613
579 17.51031 3.944938 3.303371
580 17.48503 3.943837 3.302135
581 17.45982 3.942738 3.300905
582 17.43470 3.941641 3.299682
583 17.40966 3.940546 3.298464
584 17.38470 3.939452 3.297253
585 17.35982 3.938360 3.296048
586 17.33502 3.937270 3.294849
587 17.31030 3.936181 3.293656
588 17.28566 3.935094 3.292469
589 17.26109 3.934009 3.291288
590 17.23661 3.932925 3.290114
591 17.21220 3.931843 3.288945
592 17.18788 3.930763 3.287782
593 17.16363 3.929685 3.286625
594 17.13945 3.928608 3.285474
595 17.11535 3.927533 3.284329
596 17.09133 3.926460 3.283189
597 17.06738 3.925388 3.282056
598 17.04351 3.924318 3.280928
599 17.01972 3.923250 3.279806
600 16.99599 3.922183 3.278690
601 16.97235 3.921119 3.277580
602 16.94877 3.920055 3.276475
603 16.92527 3.918994 3.275376
604 16.90184 3.917934 3.274283
605 16.87848 3.916877 3.273195
606 16.85520 3.915820 3.272113
607 16.83199 3.914766 3.271036
608 16.80885 3.913713 3.269966
609 16.78578 3.912662 3.268900
610 16.76278 3.911613 3.267840
611 16.73985 3.910565 3.266786
612 16.71699 3.909519 3.265737
613 16.69420 3.908475 3.264694
614 16.67148 3.907432 3.263656
615 16.64883 3.906392 3.262623
616 16.62624 3.905353 3.261596
617 16.60373 3.904315 3.260574
618 16.58128 3.903280 3.259558
619 16.55890 3.902246 3.258547
620 16.53659 3.901214 3.257541
621 16.51434 3.900183 3.256540
622 16.49216 3.899155 3.255545
623 16.47005 3.898128 3.254554
624 16.44800 3.897102 3.253569
625 16.42602 3.896079 3.252590
626 16.40411 3.895057 3.251615
627 16.38225 3.894037 3.250645
628 16.36047 3.893019 3.249681
629 16.33874 3.892002 3.248722
630 16.31709 3.890987 3.247767
631 16.29549 3.889974 3.246818
632 16.27396 3.888963 3.245874
633 16.25249 3.887953 3.244935
634 16.23108 3.886945 3.244001
635 16.20974 3.885939 3.243071
636 16.18846 3.884934 3.242147
637 16.16724 3.883931 3.241227
638 16.14608 3.882930 3.240313
639 16.12498 3.881931 3.239403
640 16.10394 3.880933 3.238498
641 16.08297 3.879937 3.237598
642 16.06205 3.878943 3.236703
643 16.04119 3.877950 3.235812
644 16.02040 3.876960 3.234926
645 15.99966 3.875970 3.234045
646 15.97898 3.874983 3.233169
647 15.95836 3.873997 3.232297
648 15.93780 3.873014 3.231430
649 15.91730 3.872031 3.230568
650 15.89686 3.871051 3.229710
651 15.87647 3.870072 3.228857
652 15.85614 3.869095 3.228008
653 15.83587 3.868120 3.227164
654 15.81566 3.867146 3.226325
655 15.79550 3.866174 3.225490
656 15.77540 3.865204 3.224659
657 15.75535 3.864235 3.223833
658 15.73536 3.863268 3.223012
659 15.71543 3.862303 3.222194
660 15.69555 3.861340 3.221382
661 15.67573 3.860378 3.220573
662 15.65596 3.859418 3.219769
663 15.63625 3.858460 3.218970
664 15.61659 3.857503 3.218174
665 15.59698 3.856548 3.217383
666 15.57743 3.855595 3.216597
667 15.55794 3.854643 3.215814
668 15.53849 3.853694 3.215036
669 15.51910 3.852746 3.214262
670 15.49976 3.851799 3.213492
671 15.48048 3.850854 3.212726
672 15.46125 3.849911 3.211965
673 15.44206 3.848970 3.211208
674 15.42294 3.848030 3.210455
675 15.40386 3.847092 3.209705
676 15.38483 3.846156 3.208960
677 15.36586 3.845221 3.208219
678 15.34694 3.844288 3.207483
679 15.32806 3.843357 3.206750
680 15.30924 3.842427 3.206021
681 15.29047 3.841500 3.205296
682 15.27175 3.840573 3.204575
683 15.25308 3.839649 3.203858
684 15.23446 3.838726 3.203145
685 15.21588 3.837805 3.202436
686 15.19736 3.836885 3.201731
687 15.17889 3.835967 3.201029
688 15.16046 3.835051 3.200332
689 15.14208 3.834136 3.199638
690 15.12376 3.833223 3.198948
691 15.10548 3.832312 3.198262
692 15.08724 3.831403 3.197580
693 15.06906 3.830495 3.196902
694 15.05092 3.829588 3.196227
695 15.03283 3.828684 3.195556
696 15.01479 3.827781 3.194888
697 14.99680 3.826879 3.194225
698 14.97885 3.825980 3.193565
699 14.96095 3.825082 3.192908
700 14.94309 3.824185 3.192256
701 14.92528 3.823291 3.191607
702 14.90752 3.822398 3.190961
703 14.88980 3.821506 3.190319
704 14.87213 3.820616 3.189681
705 14.85450 3.819728 3.189046
706 14.83692 3.818842 3.188415
707 14.81938 3.817957 3.187787
708 14.80189 3.817073 3.187163
709 14.78444 3.816192 3.186542
710 14.76704 3.815312 3.185925
711 14.74968 3.814433 3.185311
712 14.73236 3.813556 3.184701
713 14.71509 3.812681 3.184093
714 14.69787 3.811808 3.183490
715 14.68068 3.810936 3.182890
716 14.66354 3.810065 3.182293
717 14.64644 3.809196 3.181699
718 14.62939 3.808329 3.181109
719 14.61238 3.807464 3.180522
720 14.59541 3.806600 3.179938
721 14.57848 3.805738 3.179358
722 14.56160 3.804877 3.178781
723 14.54476 3.804018 3.178207
724 14.52795 3.803160 3.177636
725 14.51120 3.802304 3.177069
726 14.49448 3.801450 3.176504
727 14.47780 3.800597 3.175943
728 14.46117 3.799746 3.175385
729 14.44457 3.798896 3.174831
730 14.42802 3.798048 3.174279
731 14.41151 3.797202 3.173730
732 14.39504 3.796357 3.173185
733 14.37861 3.795514 3.172643
734 14.36222 3.794672 3.172103
735 14.34586 3.793832 3.171567
736 14.32955 3.792993 3.171034
737 14.31328 3.792156 3.170504
738 14.29705 3.791321 3.169977
739 14.28086 3.790487 3.169453
740 14.26470 3.789655 3.168931
741 14.24859 3.788824 3.168413
742 14.23252 3.787995 3.167898
743 14.21648 3.787167 3.167385
744 14.20048 3.786341 3.166876
745 14.18452 3.785516 3.166370
746 14.16860 3.784693 3.165866
747 14.15272 3.783872 3.165365
748 14.13687 3.783052 3.164867
749 14.12107 3.782233 3.164372
750 14.10530 3.781417 3.163880
751 14.08957 3.780601 3.163390
752 14.07387 3.779787 3.162904
753 14.05821 3.778975 3.162420
754 14.04260 3.778164 3.161939
755 14.02701 3.777355 3.161461
756 14.01147 3.776547 3.160985
757 13.99596 3.775741 3.160512
758 13.98048 3.774937 3.160042
759 13.96505 3.774133 3.159575
760 13.94965 3.773332 3.159110
761 13.93428 3.772532 3.158648
762 13.91896 3.771733 3.158188
763 13.90366 3.770936 3.157732
764 13.88841 3.770140 3.157278
765 13.87319 3.769346 3.156826
766 13.85800 3.768553 3.156377
767 13.84285 3.767762 3.155931
768 13.82774 3.766973 3.155487
769 13.81266 3.766184 3.155046
770 13.79761 3.765398 3.154607
771 13.78260 3.764613 3.154171
772 13.76763 3.763829 3.153738
773 13.75269 3.763047 3.153307
774 13.73778 3.762266 3.152878
775 13.72291 3.761486 3.152452
776 13.70807 3.760709 3.152029
777 13.69327 3.759932 3.151608
778 13.67850 3.759157 3.151189
779 13.66376 3.758384 3.150773
780 13.64906 3.757612 3.150359
781 13.63439 3.756841 3.149948
782 13.61975 3.756072 3.149539
783 13.60515 3.755305 3.149132
784 13.59058 3.754539 3.148728
785 13.57604 3.753774 3.148326
786 13.56154 3.753011 3.147927
787 13.54707 3.752249 3.147530
788 13.53263 3.751488 3.147135
789 13.51822 3.750730 3.146743
790 13.50385 3.749972 3.146352
791 13.48951 3.749216 3.145965
792 13.47520 3.748461 3.145579
793 13.46092 3.747708 3.145196
794 13.44668 3.746956 3.144815
795 13.43246 3.746206 3.144436
796 13.41828 3.745457 3.144059
797 13.40413 3.744709 3.143685
798 13.39001 3.743963 3.143313
799 13.37592 3.743219 3.142943
800 13.36187 3.742475 3.142575
801 13.34784 3.741733 3.142209
802 13.33385 3.740993 3.141846
803 13.31989 3.740254 3.141485
804 13.30595 3.739516 3.141126
805 13.29205 3.738780 3.140769
806 13.27818 3.738045 3.140414
807 13.26434 3.737311 3.140061
808 13.25053 3.736579 3.139710
809 13.23675 3.735848 3.139362
810 13.22300 3.735119 3.139015
811 13.20928 3.734391 3.138671
812 13.19559 3.733664 3.138329
813 13.18193 3.732939 3.137988
814 13.16830 3.732215 3.137650
815 13.15470 3.731493 3.137314
816 13.14113 3.730772 3.136980
817 13.12758 3.730052 3.136647
818 13.11407 3.729334 3.136317
819 13.10059 3.728617 3.135989
820 13.08713 3.727901 3.135663
821 13.07371 3.727187 3.135338
822 13.06031 3.726474 3.135016
823 13.04694 3.725762 3.134696
824 13.03360 3.725052 3.134377
825 13.02029 3.724343 3.134061
826 13.00701 3.723635 3.133746
827 12.99376 3.722929 3.133433
828 12.98053 3.722224 3.133122
829 12.96733 3.721520 3.132813
830 12.95416 3.720818 3.132506
831 12.94102 3.720117 3.132201
832 12.92791 3.719418 3.131898
833 12.91482 3.718719 3.131596
834 12.90177 3.718022 3.131296
835 12.88873 3.717327 3.130999
836 12.87573 3.716632 3.130703
837 12.86276 3.715939 3.130408
838 12.84981 3.715248 3.130116
839 12.83689 3.714557 3.129825
840 12.82399 3.713868 3.129536
841 12.81113 3.713180 3.129249
842 12.79829 3.712494 3.128964
843 12.78547 3.711809 3.128680
844 12.77269 3.711125 3.128398
845 12.75993 3.710442 3.128118
846 12.74719 3.709761 3.127840
847 12.73449 3.709081 3.127563
848 12.72181 3.708402 3.127288
849 12.70915 3.707725 3.127015
850 12.69653 3.707048 3.126743
851 12.68392 3.706374 3.126474
852 12.67135 3.705700 3.126205
853 12.65880 3.705028 3.125939
854 12.64628 3.704356 3.125674
855 12.63378 3.703687 3.125411
856 12.62131 3.703018 3.125149
857 12.60886 3.702351 3.124889
858 12.59644 3.701685 3.124630
859 12.58404 3.701020 3.124374
860 12.57167 3.700356 3.124118
861 12.55933 3.699694 3.123865
862 12.54701 3.699033 3.123613
863 12.53471 3.698373 3.123362
864 12.52244 3.697715 3.123114
865 12.51020 3.697057 3.122866
866 12.49798 3.696401 3.122621
867 12.48578 3.695746 3.122376
868 12.47361 3.695093 3.122134
869 12.46147 3.694440 3.121893
870 12.44935 3.693789 3.121653
871 12.43725 3.693139 3.121415
872 12.42518 3.692491 3.121178
873 12.41313 3.691843 3.120943
874 12.40111 3.691197 3.120710
875 12.38911 3.690552 3.120478
876 12.37713 3.689908 3.120247
877 12.36518 3.689265 3.120018
878 12.35325 3.688624 3.119790
879 12.34135 3.687984 3.119564
880 12.32947 3.687345 3.119339
881 12.31761 3.686707 3.119116
882 12.30578 3.686070 3.118894
883 12.29397 3.685435 3.118673
884 12.28218 3.684801 3.118454
885 12.27042 3.684168 3.118236
886 12.25868 3.683536 3.118020
887 12.24697 3.682905 3.117805
888 12.23527 3.682276 3.117591
889 12.22361 3.681647 3.117379
890 12.21196 3.681020 3.117168
891 12.20034 3.680394 3.116959
892 12.18873 3.679770 3.116751
893 12.17716 3.679146 3.116544
894 12.16560 3.678524 3.116339
895 12.15407 3.677902 3.116135
896 12.14256 3.677282 3.115932
897 12.13107 3.676663 3.115731
898 12.11961 3.676046 3.115531
899 12.10816 3.675429 3.115332
900 12.09674 3.674813 3.115134
901 12.08535 3.674199 3.114938
902 12.07397 3.673586 3.114743
903 12.06262 3.672974 3.114550
904 12.05128 3.672363 3.114357
905 12.03997 3.671753 3.114166
906 12.02869 3.671145 3.113976
907 12.01742 3.670537 3.113788
908 12.00617 3.669931 3.113600
909 11.99495 3.669326 3.113414
910 11.98375 3.668722 3.113230
911 11.97257 3.668119 3.113046
912 11.96141 3.667517 3.112864
913 11.95028 3.666916 3.112682
914 11.93916 3.666317 3.112502
915 11.92807 3.665718 3.112324
916 11.91699 3.665121 3.112146
917 11.90594 3.664524 3.111970
918 11.89491 3.663929 3.111795
919 11.88390 3.663335 3.111620
920 11.87291 3.662742 3.111448
921 11.86195 3.662151 3.111276
922 11.85100 3.661560 3.111105
923 11.84007 3.660970 3.110936
924 11.82917 3.660382 3.110768
925 11.81828 3.659794 3.110601
926 11.80742 3.659208 3.110435
927 11.79657 3.658623 3.110270
928 11.78575 3.658039 3.110106
929 11.77495 3.657455 3.109944
930 11.76417 3.656873 3.109782
931 11.75340 3.656293 3.109622
932 11.74266 3.655713 3.109463
933 11.73194 3.655134 3.109304
934 11.72124 3.654556 3.109147
935 11.71056 3.653980 3.108991
936 11.69990 3.653404 3.108836
937 11.68925 3.652830 3.108683
938 11.67863 3.652256 3.108530
939 11.66803 3.651684 3.108378
940 11.65745 3.651112 3.108227
941 11.64688 3.650542 3.108078
942 11.63634 3.649973 3.107929
943 11.62582 3.649405 3.107782
944 11.61531 3.648838 3.107635
945 11.60483 3.648272 3.107490
946 11.59436 3.647707 3.107345
947 11.58392 3.647143 3.107202
948 11.57349 3.646580 3.107059
949 11.56308 3.646018 3.106918
950 11.55270 3.645457 3.106778
951 11.54233 3.644897 3.106638
952 11.53198 3.644339 3.106500
953 11.52165 3.643781 3.106362
954 11.51133 3.643224 3.106226
955 11.50104 3.642668 3.106090
956 11.49077 3.642114 3.105956
957 11.48051 3.641560 3.105822
958 11.47027 3.641007 3.105690
959 11.46006 3.640456 3.105558
960 11.44986 3.639905 3.105427
961 11.43968 3.639355 3.105298
962 11.42951 3.638807 3.105169
963 11.41937 3.638259 3.105041
964 11.40924 3.637713 3.104914
965 11.39914 3.637167 3.104788
966 11.38905 3.636623 3.104663
967 11.37898 3.636079 3.104539
968 11.36892 3.635536 3.104415
969 11.35889 3.634995 3.104293
970 11.34887 3.634454 3.104171
971 11.33887 3.633915 3.104051
972 11.32889 3.633376 3.103931
973 11.31893 3.632838 3.103812
974 11.30899 3.632302 3.103695
975 11.29906 3.631766 3.103578
976 11.28915 3.631231 3.103461
977 11.27926 3.630697 3.103346
978 11.26939 3.630165 3.103232
979 11.25953 3.629633 3.103118
980 11.24969 3.629102 3.103005
981 11.23987 3.628572 3.102894
982 11.23007 3.628043 3.102783
983 11.22028 3.627515 3.102672
984 11.21052 3.626989 3.102563
985 11.20076 3.626463 3.102455
986 11.19103 3.625938 3.102347
987 11.18131 3.625413 3.102240
988 11.17161 3.624890 3.102134
989 11.16193 3.624368 3.102029
990 11.15227 3.623847 3.101924
991 11.14262 3.623327 3.101821
992 11.13299 3.622807 3.101718
993 11.12337 3.622289 3.101616
994 11.11378 3.621771 3.101515
995 11.10420 3.621255 3.101414
996 11.09463 3.620739 3.101315
997 11.08509 3.620225 3.101216
998 11.07556 3.619711 3.101118
999 11.06604 3.619198 3.101021
1000 11.05655 3.618686 3.100924
1001 11.04706 3.618175 3.100828
1002 11.03760 3.617665 3.100733
1003 11.02815 3.617156 3.100639
1004 11.01872 3.616648 3.100546
1005 11.00931 3.616141 3.100453
1006 10.99991 3.615635 3.100361
1007 10.99053 3.615129 3.100270
1008 10.98116 3.614625 3.100179
1009 10.97181 3.614121 3.100089
1010 10.96248 3.613618 3.100000
1011 10.95316 3.613117 3.099912
1012 10.94386 3.612616 3.099825
1013 10.93458 3.612116 3.099738
1014 10.92531 3.611617 3.099651
1015 10.91606 3.611118 3.099566
1016 10.90682 3.610621 3.099481
1017 10.89760 3.610125 3.099397
1018 10.88839 3.609629 3.099314
1019 10.87920 3.609135 3.099231
1020 10.87003 3.608641 3.099149
1021 10.86087 3.608148 3.099068
1022 10.85173 3.607656 3.098988
1023 10.84260 3.607165 3.098908
1024 10.83349 3.606675 3.098829
1025 10.82440 3.606186 3.098750
1026 10.81532 3.605697 3.098672
1027 10.80625 3.605210 3.098595
1028 10.79720 3.604723 3.098518
1029 10.78817 3.604237 3.098443
1030 10.77915 3.603752 3.098367
1031 10.77015 3.603268 3.098293
1032 10.76116 3.602785 3.098219
1033 10.75219 3.602303 3.098146
1034 10.74323 3.601821 3.098073
1035 10.73429 3.601340 3.098001
1036 10.72536 3.600861 3.097930
1037 10.71645 3.600382 3.097859
1038 10.70755 3.599904 3.097789
1039 10.69867 3.599426 3.097720
1040 10.68980 3.598950 3.097651
1041 10.68095 3.598475 3.097583
1042 10.67211 3.598000 3.097515
1043 10.66329 3.597526 3.097448
1044 10.65448 3.597053 3.097382
1045 10.64568 3.596581 3.097316
1046 10.63691 3.596110 3.097251
1047 10.62814 3.595639 3.097186
1048 10.61939 3.595169 3.097122
1049 10.61066 3.594701 3.097059
1050 10.60194 3.594233 3.096996
1051 10.59323 3.593766 3.096934
1052 10.58454 3.593299 3.096873
1053 10.57586 3.592834 3.096812
1054 10.56720 3.592369 3.096751
1055 10.55855 3.591905 3.096691
1056 10.54992 3.591442 3.096632
1057 10.54130 3.590980 3.096573
1058 10.53269 3.590519 3.096515
1059 10.52410 3.590058 3.096458
1060 10.51552 3.589598 3.096401
1061 10.50696 3.589139 3.096344
1062 10.49841 3.588681 3.096288
1063 10.48988 3.588224 3.096233
1064 10.48136 3.587767 3.096178
1065 10.47285 3.587312 3.096124
1066 10.46436 3.586857 3.096070
1067 10.45588 3.586402 3.096017
1068 10.44741 3.585949 3.095964
1069 10.43896 3.585497 3.095912
1070 10.43053 3.585045 3.095861
1071 10.42210 3.584594 3.095810
1072 10.41369 3.584144 3.095759
1073 10.40530 3.583694 3.095709
1074 10.39691 3.583246 3.095660
1075 10.38855 3.582798 3.095611
1076 10.38019 3.582351 3.095563
1077 10.37185 3.581905 3.095515
1078 10.36352 3.581459 3.095467
1079 10.35521 3.581015 3.095420
1080 10.34690 3.580571 3.095374
1081 10.33862 3.580128 3.095328
1082 10.33034 3.579685 3.095283
1083 10.32208 3.579244 3.095238
1084 10.31383 3.578803 3.095194
1085 10.30560 3.578363 3.095150
1086 10.29738 3.577924 3.095106
1087 10.28917 3.577485 3.095063
1088 10.28098 3.577048 3.095021
1089 10.27279 3.576611 3.094979
1090 10.26463 3.576174 3.094938
1091 10.25647 3.575739 3.094897
1092 10.24833 3.575304 3.094856
1093 10.24020 3.574870 3.094816
1094 10.23208 3.574437 3.094776
1095 10.22398 3.574005 3.094737
1096 10.21589 3.573573 3.094699
1097 10.20781 3.573142 3.094660
1098 10.19975 3.572712 3.094623
1099 10.19170 3.572283 3.094585
1100 10.18366 3.571854 3.094549
1101 10.17563 3.571426 3.094512
1102 10.16762 3.570999 3.094476
1103 10.15962 3.570572 3.094441
1104 10.15163 3.570147 3.094406
1105 10.14365 3.569722 3.094371
1106 10.13569 3.569297 3.094337
1107 10.12774 3.568874 3.094303
1108 10.11980 3.568451 3.094270
1109 10.11188 3.568029 3.094237
1110 10.10396 3.567608 3.094205
1111 10.09606 3.567187 3.094173
1112 10.08818 3.566767 3.094141
1113 10.08030 3.566348 3.094110
1114 10.07244 3.565930 3.094080
1115 10.06459 3.565512 3.094049
1116 10.05675 3.565095 3.094019
1117 10.04892 3.564679 3.093990
1118 10.04111 3.564263 3.093961
1119 10.03331 3.563848 3.093932
1120 10.02552 3.563434 3.093904
1121 10.01774 3.563021 3.093876
1122 10.00998 3.562608 3.093849
1123 10.00222 3.562196 3.093822
1124 9.994484 3.561785 3.093795
1125 9.986755 3.561374 3.093769
1126 9.979038 3.560964 3.093743
1127 9.971333 3.560555 3.093718
1128 9.963641 3.560146 3.093693
1129 9.955960 3.559739 3.093668
1130 9.948291 3.559331 3.093644
1131 9.940634 3.558925 3.093620
1132 9.932988 3.558519 3.093597
1133 9.925355 3.558114 3.093573
1134 9.917733 3.557710 3.093551
1135 9.910123 3.557306 3.093528
1136 9.902525 3.556903 3.093506
1137 9.894939 3.556501 3.093485
1138 9.887364 3.556100 3.093464
1139 9.879801 3.555699 3.093443
1140 9.872249 3.555298 3.093422
1141 9.864710 3.554899 3.093402
1142 9.857181 3.554500 3.093382
1143 9.849664 3.554102 3.093363
1144 9.842159 3.553704 3.093344
1145 9.834665 3.553308 3.093325
1146 9.827183 3.552911 3.093307
1147 9.819712 3.552516 3.093289
1148 9.812253 3.552121 3.093271
1149 9.804804 3.551727 3.093254
1150 9.797368 3.551333 3.093237
1151 9.789942 3.550941 3.093220
1152 9.782528 3.550548 3.093204
1153 9.775125 3.550157 3.093188
1154 9.767733 3.549766 3.093173
1155 9.760353 3.549376 3.093158
1156 9.752984 3.548986 3.093143
1157 9.745626 3.548598 3.093128
1158 9.738279 3.548209 3.093114
1159 9.730943 3.547822 3.093100
1160 9.723618 3.547435 3.093086
1161 9.716304 3.547049 3.093073
1162 9.709002 3.546663 3.093060
1163 9.701710 3.546278 3.093048
1164 9.694429 3.545894 3.093036
1165 9.687160 3.545510 3.093024
1166 9.679901 3.545127 3.093012
1167 9.672653 3.544745 3.093001
1168 9.665416 3.544363 3.092990
1169 9.658190 3.543982 3.092979
1170 9.650975 3.543602 3.092969
1171 9.643770 3.543222 3.092959
1172 9.636576 3.542843 3.092949
1173 9.629393 3.542464 3.092940
1174 9.622221 3.542086 3.092930
1175 9.615060 3.541709 3.092922
1176 9.607909 3.541332 3.092913
1177 9.600769 3.540956 3.092905
1178 9.593639 3.540581 3.092897
1179 9.586520 3.540206 3.092889
1180 9.579412 3.539832 3.092882
1181 9.572314 3.539458 3.092875
1182 9.565227 3.539085 3.092868
1183 9.558150 3.538713 3.092862
1184 9.551084 3.538342 3.092856
1185 9.544028 3.537971 3.092850
1186 9.536983 3.537600 3.092844
1187 9.529948 3.537230 3.092839
1188 9.522923 3.536861 3.092834
1189 9.515909 3.536493 3.092829
1190 9.508905 3.536125 3.092825
1191 9.501912 3.535757 3.092821
1192 9.494928 3.535390 3.092817
1193 9.487956 3.535024 3.092813
1194 9.480993 3.534659 3.092810
1195 9.474040 3.534294 3.092807
1196 9.467098 3.533930 3.092804
1197 9.460166 3.533566 3.092801
1198 9.453244 3.533203 3.092799
1199 9.446332 3.532840 3.092797
1200 9.439431 3.532478 3.092795
1201 9.432539 3.532117 3.092794
1202 9.425658 3.531756 3.092793
1203 9.418786 3.531396 3.092792
1204 9.411925 3.531037 3.092791
1205 9.405073 3.530678 3.092791
1206 9.398232 3.530319 3.092790
1207 9.391401 3.529962 3.092790
1208 9.384579 3.529604 3.092791
1209 9.377767 3.529248 3.092791
1210 9.370966 3.528892 3.092792
1211 9.364174 3.528536 3.092793
1212 9.357392 3.528181 3.092795
1213 9.350620 3.527827 3.092796
1214 9.343857 3.527474 3.092798
1215 9.337105 3.527120 3.092800
1216 9.330362 3.526768 3.092802
1217 9.323629 3.526416 3.092805
1218 9.316905 3.526065 3.092808
1219 9.310191 3.525714 3.092811
1220 9.303487 3.525364 3.092814
1221 9.296793 3.525014 3.092818
1222 9.290108 3.524665 3.092821
1223 9.283433 3.524316 3.092825
1224 9.276768 3.523968 3.092830
1225 9.270112 3.523621 3.092834
1226 9.263465 3.523274 3.092839
1227 9.256828 3.522928 3.092844
1228 9.250201 3.522582 3.092849
1229 9.243583 3.522237 3.092854
1230 9.236974 3.521893 3.092860
1231 9.230375 3.521549 3.092866
1232 9.223786 3.521205 3.092872
1233 9.217205 3.520862 3.092878
1234 9.210635 3.520520 3.092884
1235 9.204073 3.520178 3.092891
1236 9.197521 3.519837 3.092898
1237 9.190978 3.519496 3.092905
1238 9.184445 3.519156 3.092912
1239 9.177920 3.518817 3.092920
1240 9.171405 3.518478 3.092928
1241 9.164900 3.518139 3.092936
1242 9.158403 3.517801 3.092944
1243 9.151916 3.517464 3.092952
1244 9.145438 3.517127 3.092961
1245 9.138969 3.516791 3.092970
1246 9.132509 3.516455 3.092979
1247 9.126058 3.516120 3.092988
1248 9.119616 3.515785 3.092997
1249 9.113184 3.515451 3.093007
1250 9.106760 3.515118 3.093017
1251 9.100346 3.514785 3.093027
1252 9.093940 3.514452 3.093037
1253 9.087544 3.514120 3.093047
1254 9.081156 3.513789 3.093058
1255 9.074778 3.513458 3.093069
1256 9.068408 3.513128 3.093080
1257 9.062048 3.512798 3.093091
1258 9.055696 3.512468 3.093102
1259 9.049353 3.512140 3.093114
1260 9.043019 3.511811 3.093126
1261 9.036694 3.511484 3.093138
1262 9.030378 3.511156 3.093150
1263 9.024070 3.510830 3.093162
1264 9.017771 3.510504 3.093175
1265 9.011481 3.510178 3.093188
1266 9.005200 3.509853 3.093200
1267 8.998928 3.509528 3.093214
1268 8.992664 3.509204 3.093227
1269 8.986409 3.508881 3.093240
1270 8.980163 3.508558 3.093254
1271 8.973925 3.508235 3.093268
1272 8.967696 3.507913 3.093282
1273 8.961476 3.507591 3.093296
1274 8.955264 3.507270 3.093310
1275 8.949060 3.506950 3.093325
1276 8.942866 3.506630 3.093339
1277 8.936680 3.506311 3.093354
1278 8.930502 3.505992 3.093369
1279 8.924333 3.505673 3.093384
1280 8.918172 3.505355 3.093400
1281 8.912020 3.505038 3.093415
1282 8.905877 3.504721 3.093431
1283 8.899742 3.504404 3.093447
1284 8.893615 3.504088 3.093463
1285 8.887496 3.503773 3.093479
1286 8.881387 3.503458 3.093495
1287 8.875285 3.503144 3.093512
1288 8.869192 3.502830 3.093529
1289 8.863107 3.502516 3.093545
1290 8.857030 3.502203 3.093562
1291 8.850962 3.501891 3.093580
1292 8.844902 3.501579 3.093597
1293 8.838850 3.501267 3.093614
1294 8.832807 3.500956 3.093632
1295 8.826772 3.500646 3.093650
1296 8.820745 3.500336 3.093668
1297 8.814726 3.500026 3.093686
1298 8.808715 3.499717 3.093704
1299 8.802713 3.499409 3.093723
1300 8.796719 3.499101 3.093741
1301 8.790732 3.498793 3.093760
1302 8.784754 3.498486 3.093779
1303 8.778784 3.498179 3.093798
1304 8.772823 3.497873 3.093817
1305 8.766869 3.497567 3.093836
1306 8.760923 3.497262 3.093856
1307 8.754985 3.496958 3.093875
1308 8.749056 3.496653 3.093895
1309 8.743134 3.496350 3.093915
1310 8.737220 3.496046 3.093935
1311 8.731314 3.495743 3.093955
1312 8.725417 3.495441 3.093975
1313 8.719527 3.495139 3.093996
1314 8.713645 3.494838 3.094016
1315 8.707771 3.494537 3.094037
1316 8.701905 3.494236 3.094058
1317 8.696046 3.493936 3.094079
1318 8.690196 3.493637 3.094100
1319 8.684353 3.493338 3.094121
1320 8.678519 3.493039 3.094143
1321 8.672692 3.492741 3.094164
1322 8.666872 3.492444 3.094186
1323 8.661061 3.492146 3.094208
1324 8.655257 3.491850 3.094230
1325 8.649461 3.491553 3.094252
1326 8.643673 3.491257 3.094274
1327 8.637893 3.490962 3.094296
1328 8.632120 3.490667 3.094319
1329 8.626355 3.490373 3.094341
1330 8.620598 3.490079 3.094364
1331 8.614848 3.489785 3.094387
1332 8.609106 3.489492 3.094410
1333 8.603371 3.489199 3.094433
1334 8.597644 3.488907 3.094456
1335 8.591925 3.488616 3.094479
1336 8.586213 3.488324 3.094503
1337 8.580509 3.488033 3.094526
1338 8.574812 3.487743 3.094550
1339 8.569123 3.487453 3.094574
1340 8.563441 3.487164 3.094598
1341 8.557767 3.486875 3.094622
1342 8.552101 3.486586 3.094646
1343 8.546441 3.486298 3.094670
1344 8.540790 3.486010 3.094695
1345 8.535145 3.485723 3.094719
1346 8.529509 3.485436 3.094744
1347 8.523879 3.485150 3.094769
1348 8.518257 3.484864 3.094793
1349 8.512642 3.484578 3.094818
1350 8.507035 3.484293 3.094843
1351 8.501435 3.484008 3.094869
1352 8.495842 3.483724 3.094894
1353 8.490257 3.483440 3.094919
1354 8.484679 3.483157 3.094945
1355 8.479108 3.482874 3.094971
1356 8.473545 3.482592 3.094996
1357 8.467989 3.482310 3.095022
1358 8.462440 3.482028 3.095048
1359 8.456898 3.481747 3.095074
1360 8.451363 3.481466 3.095100
1361 8.445836 3.481186 3.095127
1362 8.440316 3.480906 3.095153
1363 8.434803 3.480626 3.095179
1364 8.429297 3.480347 3.095206
1365 8.423799 3.480069 3.095233
1366 8.418307 3.479790 3.095260
1367 8.412823 3.479513 3.095286
1368 8.407345 3.479235 3.095313
1369 8.401875 3.478958 3.095340
1370 8.396412 3.478682 3.095368
1371 8.390956 3.478406 3.095395
1372 8.385507 3.478130 3.095422
1373 8.380065 3.477855 3.095450
1374 8.374630 3.477580 3.095477
1375 8.369202 3.477305 3.095505
1376 8.363781 3.477031 3.095533
1377 8.358367 3.476758 3.095561
1378 8.352960 3.476484 3.095589
1379 8.347560 3.476212 3.095617
1380 8.342167 3.475939 3.095645
1381 8.336781 3.475667 3.095673
1382 8.331402 3.475396 3.095701
1383 8.326029 3.475125 3.095730
1384 8.320664 3.474854 3.095758
1385 8.315305 3.474584 3.095787
1386 8.309953 3.474314 3.095816
1387 8.304608 3.474044 3.095845
1388 8.299270 3.473775 3.095873
1389 8.293939 3.473506 3.095902
1390 8.288615 3.473238 3.095931
1391 8.283297 3.472970 3.095961
1392 8.277986 3.472703 3.095990
1393 8.272682 3.472435 3.096019
1394 8.267384 3.472169 3.096048
1395 8.262094 3.471902 3.096078
1396 8.256810 3.471636 3.096108
1397 8.251533 3.471371 3.096137
1398 8.246262 3.471106 3.096167
1399 8.240998 3.470841 3.096197
1400 8.235741 3.470577 3.096227
1401 8.230491 3.470313 3.096257
1402 8.225247 3.470049 3.096287
1403 8.220010 3.469786 3.096317
1404 8.214779 3.469523 3.096347
1405 8.209555 3.469261 3.096377
1406 8.204338 3.468999 3.096408
1407 8.199127 3.468738 3.096438
1408 8.193923 3.468476 3.096469
1409 8.188726 3.468216 3.096499
1410 8.183534 3.467955 3.096530
1411 8.178350 3.467695 3.096561
1412 8.173172 3.467435 3.096592
1413 8.168000 3.467176 3.096622
1414 8.162835 3.466917 3.096653
1415 8.157677 3.466659 3.096685
1416 8.152525 3.466401 3.096716
1417 8.147379 3.466143 3.096747
1418 8.142240 3.465886 3.096778
1419 8.137107 3.465629 3.096809
1420 8.131981 3.465372 3.096841
1421 8.126861 3.465116 3.096872
1422 8.121748 3.464860 3.096904
1423 8.116641 3.464605 3.096936
1424 8.111540 3.464350 3.096967
1425 8.106446 3.464095 3.096999
1426 8.101358 3.463840 3.097031
1427 8.096276 3.463587 3.097063
1428 8.091201 3.463333 3.097095
1429 8.086132 3.463080 3.097127
1430 8.081069 3.462827 3.097159
1431 8.076013 3.462574 3.097191
1432 8.070963 3.462322 3.097223
1433 8.065919 3.462071 3.097256
1434 8.060881 3.461819 3.097288
1435 8.055850 3.461568 3.097321
1436 8.050825 3.461318 3.097353
1437 8.045806 3.461067 3.097386
1438 8.040793 3.460818 3.097418
1439 8.035787 3.460568 3.097451
1440 8.030787 3.460319 3.097484
1441 8.025792 3.460070 3.097517
1442 8.020804 3.459822 3.097550
1443 8.015823 3.459574 3.097582
1444 8.010847 3.459326 3.097615
1445 8.005878 3.459079 3.097649
1446 8.000914 3.458832 3.097682
1447 7.995957 3.458585 3.097715
1448 7.991006 3.458339 3.097748
1449 7.986060 3.458093 3.097781
1450 7.981121 3.457847 3.097815
1451 7.976188 3.457602 3.097848
1452 7.971262 3.457357 3.097882
1453 7.966341 3.457113 3.097915
1454 7.961426 3.456869 3.097949
1455 7.956517 3.456625 3.097982
1456 7.951614 3.456382 3.098016
1457 7.946717 3.456139 3.098050
1458 7.941826 3.455896 3.098084
1459 7.936942 3.455654 3.098118
1460 7.932063 3.455412 3.098152
1461 7.927190 3.455170 3.098186
1462 7.922323 3.454929 3.098220
1463 7.917461 3.454688 3.098254
1464 7.912606 3.454447 3.098288
1465 7.907757 3.454207 3.098322
1466 7.902914 3.453967 3.098356
1467 7.898076 3.453727 3.098391
1468 7.893244 3.453488 3.098425
1469 7.888419 3.453249 3.098459
1470 7.883599 3.453011 3.098494
1471 7.878785 3.452773 3.098528
1472 7.873977 3.452535 3.098563
1473 7.869174 3.452297 3.098597
1474 7.864377 3.452060 3.098632
1475 7.859587 3.451823 3.098667
1476 7.854802 3.451587 3.098701
1477 7.850022 3.451351 3.098736
1478 7.845249 3.451115 3.098771
1479 7.840481 3.450879 3.098806
1480 7.835719 3.450644 3.098841
1481 7.830963 3.450410 3.098876
1482 7.826213 3.450175 3.098911
1483 7.821468 3.449941 3.098946
1484 7.816729 3.449707 3.098981
1485 7.811995 3.449474 3.099016
1486 7.807268 3.449241 3.099052
1487 7.802546 3.449008 3.099087
1488 7.797829 3.448775 3.099122
1489 7.793118 3.448543 3.099157
1490 7.788413 3.448312 3.099193
1491 7.783714 3.448080 3.099228
1492 7.779020 3.447849 3.099264
1493 7.774332 3.447618 3.099299
1494 7.769649 3.447388 3.099335
1495 7.764972 3.447158 3.099370
1496 7.760301 3.446928 3.099406
1497 7.755635 3.446698 3.099442
1498 7.750975 3.446469 3.099477
1499 7.746320 3.446240 3.099513
1500 7.741671 3.446012 3.099549
1501 7.737027 3.445784 3.099585
1502 7.732389 3.445556 3.099621
1503 7.727756 3.445328 3.099657
1504 7.723129 3.445101 3.099693
1505 7.718508 3.444874 3.099729
1506 7.713891 3.444648 3.099765
1507 7.709281 3.444421 3.099801
1508 7.704676 3.444196 3.099837
1509 7.700076 3.443970 3.099873
1510 7.695482 3.443745 3.099909
1511 7.690893 3.443520 3.099945
1512 7.686309 3.443295 3.099981
1513 7.681731 3.443071 3.100018
1514 7.677159 3.442847 3.100054
1515 7.672591 3.442623 3.100090
1516 7.668029 3.442400 3.100127
1517 7.663473 3.442177 3.100163
1518 7.658922 3.441954 3.100200
1519 7.654376 3.441731 3.100236
1520 7.649836 3.441509 3.100273
1521 7.645301 3.441287 3.100309
1522 7.640771 3.441066 3.100346
1523 7.636246 3.440845 3.100383
1524 7.631727 3.440624 3.100419
1525 7.627214 3.440403 3.100456
1526 7.622705 3.440183 3.100493
1527 7.618202 3.439963 3.100529
1528 7.613704 3.439743 3.100566
1529 7.609211 3.439524 3.100603
1530 7.604724 3.439305 3.100640
1531 7.600241 3.439086 3.100677
1532 7.595764 3.438868 3.100714
1533 7.591293 3.438650 3.100751
1534 7.586826 3.438432 3.100788
1535 7.582365 3.438215 3.100825
1536 7.577909 3.437997 3.100862
1537 7.573458 3.437780 3.100899
1538 7.569012 3.437564 3.100936
1539 7.564572 3.437348 3.100973
1540 7.560136 3.437132 3.101010
1541 7.555706 3.436916 3.101047
1542 7.551281 3.436700 3.101084
1543 7.546861 3.436485 3.101122
1544 7.542446 3.436271 3.101159
1545 7.538036 3.436056 3.101196
1546 7.533632 3.435842 3.101234
1547 7.529232 3.435628 3.101271
1548 7.524838 3.435414 3.101308
1549 7.520448 3.435201 3.101346
1550 7.516064 3.434988 3.101383
1551 7.511685 3.434775 3.101421
1552 7.507311 3.434563 3.101458
1553 7.502941 3.434351 3.101495
1554 7.498577 3.434139 3.101533
1555 7.494218 3.433927 3.101571
1556 7.489864 3.433716 3.101608
1557 7.485515 3.433505 3.101646
1558 7.481171 3.433295 3.101683
1559 7.476832 3.433084 3.101721
1560 7.472498 3.432874 3.101759
1561 7.468169 3.432664 3.101796
1562 7.463845 3.432455 3.101834
1563 7.459526 3.432246 3.101872
1564 7.455212 3.432037 3.101909
1565 7.450903 3.431828 3.101947
1566 7.446598 3.431620 3.101985
1567 7.442299 3.431412 3.102023
1568 7.438004 3.431204 3.102061
1569 7.433715 3.430996 3.102099
1570 7.429430 3.430789 3.102136
1571 7.425150 3.430582 3.102174
1572 7.420876 3.430376 3.102212
1573 7.416606 3.430169 3.102250
1574 7.412340 3.429963 3.102288
1575 7.408080 3.429757 3.102326
1576 7.403825 3.429552 3.102364
1577 7.399574 3.429347 3.102402
1578 7.395328 3.429142 3.102440
1579 7.391087 3.428937 3.102478
1580 7.386851 3.428733 3.102516
1581 7.382620 3.428528 3.102554
1582 7.378394 3.428325 3.102593
1583 7.374172 3.428121 3.102631
1584 7.369955 3.427918 3.102669
1585 7.365743 3.427715 3.102707
1586 7.361535 3.427512 3.102745
1587 7.357333 3.427310 3.102783
1588 7.353135 3.427107 3.102822
1589 7.348942 3.426906 3.102860
1590 7.344753 3.426704 3.102898
1591 7.340570 3.426503 3.102936
1592 7.336391 3.426302 3.102975
1593 7.332216 3.426101 3.103013
1594 7.328047 3.425900 3.103051
1595 7.323882 3.425700 3.103090
1596 7.319722 3.425500 3.103128
1597 7.315566 3.425300 3.103166
1598 7.311416 3.425101 3.103205
1599 7.307270 3.424902 3.103243
1600 7.303128 3.424703 3.103282
1601 7.298991 3.424504 3.103320
1602 7.294859 3.424306 3.103358
1603 7.290731 3.424108 3.103397
1604 7.286609 3.423910 3.103435
1605 7.282490 3.423712 3.103474
1606 7.278377 3.423515 3.103512
1607 7.274267 3.423318 3.103551
1608 7.270163 3.423121 3.103589
1609 7.266063 3.422925 3.103628
1610 7.261968 3.422728 3.103666
1611 7.257877 3.422532 3.103705
1612 7.253791 3.422337 3.103743
1613 7.249709 3.422141 3.103782
1614 7.245632 3.421946 3.103821
1615 7.241559 3.421751 3.103859
1616 7.237491 3.421557 3.103898
1617 7.233428 3.421362 3.103937
1618 7.229369 3.421168 3.103975
1619 7.225314 3.420974 3.104014
1620 7.221264 3.420780 3.104052
1621 7.217219 3.420587 3.104091
1622 7.213178 3.420394 3.104130
1623 7.209141 3.420201 3.104169
1624 7.205109 3.420009 3.104207
1625 7.201081 3.419816 3.104246
1626 7.197058 3.419624 3.104285
1627 7.193040 3.419432 3.104323
1628 7.189025 3.419241 3.104362
1629 7.185015 3.419050 3.104401
1630 7.181010 3.418859 3.104440
1631 7.177009 3.418668 3.104478
1632 7.173013 3.418477 3.104517
1633 7.169020 3.418287 3.104556
1634 7.165033 3.418097 3.104595
1635 7.161049 3.417907 3.104634
1636 7.157070 3.417718 3.104672
1637 7.153096 3.417528 3.104711
1638 7.149125 3.417339 3.104750
1639 7.145160 3.417151 3.104789
1640 7.141198 3.416962 3.104828
1641 7.137241 3.416774 3.104867
1642 7.133288 3.416586 3.104905
1643 7.129340 3.416398 3.104944
1644 7.125395 3.416211 3.104983
1645 7.121456 3.416023 3.105022
1646 7.117520 3.415836 3.105061
1647 7.113589 3.415649 3.105100
1648 7.109662 3.415463 3.105139
1649 7.105739 3.415277 3.105178
1650 7.101821 3.415091 3.105217
1651 7.097907 3.414905 3.105255
1652 7.093997 3.414719 3.105294
1653 7.090091 3.414534 3.105333
1654 7.086190 3.414349 3.105372
1655 7.082293 3.414164 3.105411
1656 7.078400 3.413980 3.105450
1657 7.074512 3.413795 3.105489
1658 7.070627 3.413611 3.105528
1659 7.066747 3.413427 3.105567
1660 7.062871 3.413244 3.105606
1661 7.058999 3.413060 3.105645
1662 7.055132 3.412877 3.105684
1663 7.051269 3.412694 3.105723
1664 7.047410 3.412512 3.105762
1665 7.043555 3.412329 3.105801
1666 7.039704 3.412147 3.105840
1667 7.035857 3.411965 3.105879
1668 7.032015 3.411784 3.105918
1669 7.028176 3.411602 3.105957
1670 7.024342 3.411421 3.105996
1671 7.020512 3.411240 3.106035
1672 7.016686 3.411059 3.106074
1673 7.012865 3.410879 3.106113
1674 7.009047 3.410699 3.106152
1675 7.005233 3.410519 3.106191
1676 7.001424 3.410339 3.106230
1677 6.997619 3.410159 3.106269
1678 6.993817 3.409980 3.106308
1679 6.990020 3.409801 3.106347
1680 6.986227 3.409622 3.106386
1681 6.982438 3.409443 3.106425
1682 6.978653 3.409265 3.106464
1683 6.974872 3.409087 3.106503
1684 6.971096 3.408909 3.106542
1685 6.967323 3.408731 3.106581
1686 6.963554 3.408554 3.106620
1687 6.959789 3.408377 3.106659
1688 6.956029 3.408200 3.106698
1689 6.952272 3.408023 3.106737
1690 6.948520 3.407846 3.106777
1691 6.944771 3.407670 3.106816
1692 6.941026 3.407494 3.106855
1693 6.937286 3.407318 3.106894
1694 6.933549 3.407143 3.106933
1695 6.929816 3.406967 3.106972
1696 6.926088 3.406792 3.107011
1697 6.922363 3.406617 3.107050
1698 6.918642 3.406442 3.107089
1699 6.914925 3.406268 3.107128
1700 6.911213 3.406094 3.107167
1701 6.907504 3.405920 3.107206
1702 6.903799 3.405746 3.107245
1703 6.900098 3.405572 3.107284
1704 6.896401 3.405399 3.107323
1705 6.892707 3.405226 3.107362
1706 6.889018 3.405053 3.107401
1707 6.885333 3.404880 3.107440
1708 6.881651 3.404708 3.107479
1709 6.877974 3.404535 3.107518
1710 6.874300 3.404363 3.107557
1711 6.870630 3.404192 3.107596
1712 6.866964 3.404020 3.107635
1713 6.863302 3.403849 3.107674
1714 6.859644 3.403678 3.107713
1715 6.855990 3.403507 3.107753
1716 6.852339 3.403336 3.107792
1717 6.848693 3.403165 3.107831
1718 6.845050 3.402995 3.107870
1719 6.841411 3.402825 3.107909
1720 6.837776 3.402655 3.107948
1721 6.834144 3.402486 3.107987
1722 6.830517 3.402316 3.108026
1723 6.826893 3.402147 3.108065
1724 6.823273 3.401978 3.108104
1725 6.819657 3.401809 3.108143
1726 6.816045 3.401641 3.108182
1727 6.812436 3.401473 3.108221
1728 6.808831 3.401304 3.108260
1729 6.805231 3.401137 3.108299
1730 6.801633 3.400969 3.108338
1731 6.798040 3.400801 3.108377
1732 6.794450 3.400634 3.108416
1733 6.790864 3.400467 3.108454
1734 6.787282 3.400300 3.108493
1735 6.783704 3.400134 3.108532
1736 6.780129 3.399967 3.108571
1737 6.776558 3.399801 3.108610
1738 6.772991 3.399635 3.108649
1739 6.769427 3.399469 3.108688
1740 6.765867 3.399304 3.108727
1741 6.762311 3.399138 3.108766
1742 6.758758 3.398973 3.108805
1743 6.755210 3.398808 3.108844
1744 6.751665 3.398644 3.108883
1745 6.748123 3.398479 3.108922
1746 6.744585 3.398315 3.108961
1747 6.741051 3.398151 3.109000
1748 6.737521 3.397987 3.109039
1749 6.733994 3.397823 3.109077
1750 6.730471 3.397660 3.109116
1751 6.726952 3.397497 3.109155
1752 6.723436 3.397333 3.109194
1753 6.719924 3.397171 3.109233
1754 6.716415 3.397008 3.109272
1755 6.712910 3.396846 3.109311
1756 6.709409 3.396683 3.109350
1757 6.705911 3.396521 3.109388
1758 6.702417 3.396359 3.109427
1759 6.698927 3.396198 3.109466
1760 6.695440 3.396036 3.109505
1761 6.691956 3.395875 3.109544
1762 6.688477 3.395714 3.109583
1763 6.685001 3.395553 3.109621
1764 6.681528 3.395393 3.109660
1765 6.678059 3.395232 3.109699
1766 6.674594 3.395072 3.109738
1767 6.671132 3.394912 3.109777
1768 6.667673 3.394752 3.109815
1769 6.664219 3.394593 3.109854
1770 6.660767 3.394433 3.109893
1771 6.657320 3.394274 3.109932
1772 6.653875 3.394115 3.109970
1773 6.650435 3.393956 3.110009
1774 6.646998 3.393798 3.110048
1775 6.643564 3.393639 3.110087
1776 6.640134 3.393481 3.110125
1777 6.636707 3.393323 3.110164
1778 6.633284 3.393165 3.110203
1779 6.629865 3.393008 3.110241
1780 6.626448 3.392850 3.110280
1781 6.623036 3.392693 3.110319
1782 6.619627 3.392536 3.110358
1783 6.616221 3.392379 3.110396
1784 6.612819 3.392222 3.110435
1785 6.609420 3.392066 3.110473
1786 6.606024 3.391910 3.110512
1787 6.602632 3.391754 3.110551
1788 6.599244 3.391598 3.110589
1789 6.595859 3.391442 3.110628
1790 6.592477 3.391287 3.110667
1791 6.589099 3.391131 3.110705
1792 6.585725 3.390976 3.110744
1793 6.582353 3.390821 3.110782
1794 6.578985 3.390667 3.110821
1795 6.575621 3.390512 3.110860
1796 6.572260 3.390358 3.110898
1797 6.568902 3.390204 3.110937
1798 6.565548 3.390050 3.110975
1799 6.562197 3.389896 3.111014
1800 6.558849 3.389742 3.111052
1801 6.555505 3.389589 3.111091
1802 6.552164 3.389436 3.111129
1803 6.548827 3.389283 3.111168
1804 6.545493 3.389130 3.111206
1805 6.542162 3.388977 3.111245
1806 6.538835 3.388825 3.111283
1807 6.535511 3.388673 3.111322
1808 6.532190 3.388521 3.111360
1809 6.528873 3.388369 3.111399
1810 6.525559 3.388217 3.111437
1811 6.522248 3.388066 3.111475
1812 6.518941 3.387914 3.111514
1813 6.515637 3.387763 3.111552
1814 6.512336 3.387612 3.111591
1815 6.509039 3.387461 3.111629
1816 6.505745 3.387311 3.111667
1817 6.502454 3.387161 3.111706
1818 6.499166 3.387010 3.111744
1819 6.495882 3.386860 3.111782
1820 6.492601 3.386710 3.111821
1821 6.489323 3.386561 3.111859
1822 6.486049 3.386411 3.111897
1823 6.482778 3.386262 3.111936
1824 6.479510 3.386113 3.111974
1825 6.476245 3.385964 3.112012
1826 6.472984 3.385815 3.112050
1827 6.469726 3.385667 3.112089
1828 6.466471 3.385518 3.112127
1829 6.463219 3.385370 3.112165
1830 6.459971 3.385222 3.112203
1831 6.456726 3.385074 3.112242
1832 6.453484 3.384927 3.112280
1833 6.450245 3.384779 3.112318
1834 6.447009 3.384632 3.112356
1835 6.443777 3.384485 3.112394
1836 6.440548 3.384338 3.112432
1837 6.437322 3.384191 3.112471
1838 6.434099 3.384045 3.112509
1839 6.430880 3.383898 3.112547
1840 6.427663 3.383752 3.112585
1841 6.424450 3.383606 3.112623
1842 6.421240 3.383460 3.112661
1843 6.418033 3.383314 3.112699
1844 6.414830 3.383169 3.112737
1845 6.411629 3.383024 3.112775
1846 6.408432 3.382878 3.112813
1847 6.405238 3.382733 3.112851
1848 6.402047 3.382589 3.112889
1849 6.398859 3.382444 3.112927
1850 6.395674 3.382300 3.112965
1851 6.392492 3.382155 3.113003
1852 6.389314 3.382011 3.113041
1853 6.386138 3.381867 3.113079
1854 6.382966 3.381723 3.113117
1855 6.379797 3.381580 3.113155
1856 6.376631 3.381436 3.113193
1857 6.373468 3.381293 3.113231
1858 6.370308 3.381150 3.113269
1859 6.367151 3.381007 3.113307
1860 6.363998 3.380865 3.113345
1861 6.360847 3.380722 3.113383
1862 6.357700 3.380580 3.113420
1863 6.354555 3.380437 3.113458
1864 6.351414 3.380295 3.113496
1865 6.348276 3.380154 3.113534
1866 6.345141 3.380012 3.113572
1867 6.342009 3.379870 3.113609
1868 6.338880 3.379729 3.113647
1869 6.335754 3.379588 3.113685
1870 6.332631 3.379447 3.113723
1871 6.329511 3.379306 3.113760
1872 6.326394 3.379165 3.113798
1873 6.323280 3.379025 3.113836
1874 6.320169 3.378884 3.113874
1875 6.317061 3.378744 3.113911
1876 6.313957 3.378604 3.113949
1877 6.310855 3.378464 3.113987
1878 6.307756 3.378325 3.114024
1879 6.304660 3.378185 3.114062
1880 6.301568 3.378046 3.114099
1881 6.298478 3.377907 3.114137
1882 6.295391 3.377768 3.114175
1883 6.292307 3.377629 3.114212
1884 6.289227 3.377490 3.114250
1885 6.286149 3.377352 3.114287
1886 6.283074 3.377213 3.114325
1887 6.280002 3.377075 3.114362
1888 6.276933 3.376937 3.114400
1889 6.273867 3.376799 3.114437
1890 6.270804 3.376662 3.114475
1891 6.267744 3.376524 3.114512
1892 6.264687 3.376387 3.114550
1893 6.261633 3.376250 3.114587
1894 6.258582 3.376112 3.114625
1895 6.255534 3.375976 3.114662
1896 6.252489 3.375839 3.114699
1897 6.249446 3.375702 3.114737
1898 6.246407 3.375566 3.114774
1899 6.243370 3.375430 3.114812
1900 6.240337 3.375294 3.114849
1901 6.237306 3.375158 3.114886
1902 6.234278 3.375022 3.114924
1903 6.231254 3.374886 3.114961
1904 6.228232 3.374751 3.114998
1905 6.225213 3.374616 3.115035
1906 6.222196 3.374481 3.115073
1907 6.219183 3.374346 3.115110
1908 6.216173 3.374211 3.115147
1909 6.213165 3.374076 3.115184
1910 6.210161 3.373942 3.115222
1911 6.207159 3.373808 3.115259
1912 6.204160 3.373673 3.115296
1913 6.201164 3.373539 3.115333
1914 6.198171 3.373406 3.115370
1915 6.195180 3.373272 3.115407
1916 6.192193 3.373138 3.115445
1917 6.189208 3.373005 3.115482
1918 6.186227 3.372872 3.115519
1919 6.183248 3.372739 3.115556
1920 6.180272 3.372606 3.115593
1921 6.177298 3.372473 3.115630
1922 6.174328 3.372341 3.115667
1923 6.171360 3.372208 3.115704
1924 6.168395 3.372076 3.115741
1925 6.165433 3.371944 3.115778
1926 6.162474 3.371812 3.115815
1927 6.159518 3.371680 3.115852
1928 6.156564 3.371548 3.115889
1929 6.153614 3.371417 3.115926
1930 6.150666 3.371286 3.115963
1931 6.147720 3.371154 3.116000
1932 6.144778 3.371023 3.116036
1933 6.141838 3.370893 3.116073
1934 6.138902 3.370762 3.116110
1935 6.135968 3.370631 3.116147
1936 6.133036 3.370501 3.116184
1937 6.130108 3.370371 3.116221
1938 6.127182 3.370240 3.116257
1939 6.124259 3.370110 3.116294
1940 6.121339 3.369981 3.116331
1941 6.118421 3.369851 3.116368
1942 6.115507 3.369721 3.116405
1943 6.112595 3.369592 3.116441
1944 6.109685 3.369463 3.116478
1945 6.106779 3.369334 3.116515
1946 6.103875 3.369205 3.116551
1947 6.100974 3.369076 3.116588
1948 6.098076 3.368948 3.116625
1949 6.095180 3.368819 3.116661
1950 6.092287 3.368691 3.116698
1951 6.089397 3.368563 3.116734
1952 6.086510 3.368435 3.116771
1953 6.083625 3.368307 3.116808
1954 6.080743 3.368179 3.116844
1955 6.077863 3.368051 3.116881
1956 6.074987 3.367924 3.116917
1957 6.072113 3.367797 3.116954
1958 6.069242 3.367670 3.116990
1959 6.066373 3.367543 3.117027
1960 6.063507 3.367416 3.117063
1961 6.060644 3.367289 3.117100
1962 6.057783 3.367163 3.117136
1963 6.054925 3.367036 3.117172
1964 6.052070 3.366910 3.117209
1965 6.049217 3.366784 3.117245
1966 6.046368 3.366658 3.117282
1967 6.043520 3.366532 3.117318
1968 6.040676 3.366406 3.117354
1969 6.037834 3.366281 3.117391
1970 6.034994 3.366155 3.117427
1971 6.032158 3.366030 3.117463
1972 6.029324 3.365905 3.117499
1973 6.026492 3.365780 3.117536
1974 6.023663 3.365655 3.117572
