   2.4482660e+02   4.8807230e+00
   2.3958390e+02   4.8429590e+00
   2.3456420e+02   4.8072570e+00
   2.2975160e+02   4.7734910e+00
   2.2513180e+02   4.7415400e+00
   2.2069230e+02   4.7112880e+00
   2.1642170e+02   4.6826270e+00
   2.1230990e+02   4.6554560e+00
   2.0834760e+02   4.6296790e+00
   2.0452640e+02   4.6052070e+00
   2.0083870e+02   4.5819560e+00
   1.9727730e+02   4.5598480e+00
   1.9383580e+02   4.5388110e+00
   1.9050810e+02   4.5187790e+00
   1.8728870e+02   4.4996870e+00
   1.8417240e+02   4.4814780e+00
   1.8115420e+02   4.4640990e+00
   1.7822980e+02   4.4474980e+00
   1.7539480e+02   4.4316290e+00
   1.7264540e+02   4.4164500e+00
   1.6997760e+02   4.4019180e+00
   1.6738810e+02   4.3879990e+00
   1.6487340e+02   4.3746550e+00
   1.6243050e+02   4.3618560e+00
   1.6005650e+02   4.3495710e+00
   1.5774840e+02   4.3377720e+00
   1.5550370e+02   4.3264320e+00
   1.5331980e+02   4.3155280e+00
   1.5119430e+02   4.3050360e+00
   1.4912510e+02   4.2949360e+00
   1.4710990e+02   4.2852070e+00
   1.4514670e+02   4.2758310e+00
   1.4323360e+02   4.2667910e+00
   1.4136860e+02   4.2580700e+00
   1.3955010e+02   4.2496530e+00
   1.3777640e+02   4.2415250e+00
   1.3604580e+02   4.2336740e+00
   1.3435690e+02   4.2260860e+00
   1.3270820e+02   4.2187490e+00
   1.3109820e+02   4.2116540e+00
   1.2952570e+02   4.2047870e+00
   1.2798940e+02   4.1981410e+00
   1.2648810e+02   4.1917060e+00
   1.2502060e+02   4.1854720e+00
   1.2358580e+02   4.1794310e+00
   1.2218260e+02   4.1735760e+00
   1.2081010e+02   4.1678990e+00
   1.1946720e+02   4.1623920e+00
   1.1815300e+02   4.1570500e+00
   1.1686660e+02   4.1518650e+00
   1.1560710e+02   4.1468320e+00
   1.1437380e+02   4.1419450e+00
   1.1316570e+02   4.1371990e+00
   1.1198230e+02   4.1325870e+00
   1.1082270e+02   4.1281060e+00
   1.0968610e+02   4.1237510e+00
   1.0857210e+02   4.1195160e+00
   1.0747980e+02   4.1153990e+00
   1.0640870e+02   4.1113940e+00
   1.0535820e+02   4.1074980e+00
   1.0432770e+02   4.1037070e+00
   1.0331660e+02   4.1000170e+00
   1.0232440e+02   4.0964260e+00
   1.0135050e+02   4.0929290e+00
   1.0039450e+02   4.0895240e+00
   9.9452600e+01   4.0863460e+00
   9.8531050e+01   4.0831120e+00
   9.7625980e+01   4.0799610e+00
   9.6736960e+01   4.0768900e+00
   9.5863550e+01   4.0738980e+00
   9.5005360e+01   4.0709800e+00
   9.4162010e+01   4.0681360e+00
   9.3333110e+01   4.0653630e+00
   9.2518300e+01   4.0626580e+00
   9.1717230e+01   4.0600190e+00
   9.0929550e+01   4.0574450e+00
   9.0154950e+01   4.0549340e+00
   8.9393100e+01   4.0524830e+00
   8.8643690e+01   4.0500910e+00
   8.7906430e+01   4.0477560e+00
   8.7181020e+01   4.0454760e+00
   8.6467190e+01   4.0432500e+00
   8.5764670e+01   4.0410760e+00
   8.5073190e+01   4.0389530e+00
   8.4392510e+01   4.0368790e+00
   8.3722360e+01   4.0348520e+00
   8.3062520e+01   4.0328720e+00
   8.2412750e+01   4.0309370e+00
   8.1772830e+01   4.0290450e+00
   8.1142540e+01   4.0271960e+00
   8.0521670e+01   4.0253880e+00
   7.9910000e+01   4.0236200e+00
   7.9307350e+01   4.0218910e+00
   7.8713510e+01   4.0202000e+00
   7.8128310e+01   4.0185450e+00
   7.7551550e+01   4.0169270e+00
   7.6983050e+01   4.0153420e+00
   7.6422650e+01   4.0137920e+00
   7.5870180e+01   4.0122740e+00
   7.5325470e+01   4.0107890e+00
   7.4788360e+01   4.0093340e+00
   7.4258700e+01   4.0079090e+00
   7.3736340e+01   4.0065140e+00
   7.3221130e+01   4.0051470e+00
   7.2712930e+01   4.0038070e+00
   7.2211590e+01   4.0024950e+00
   7.1716990e+01   4.0012090e+00
   7.1229000e+01   3.9999480e+00
   7.0747470e+01   3.9987120e+00
   7.0272300e+01   3.9975000e+00
   6.9803350e+01   3.9963110e+00
   6.9340510e+01   3.9951450e+00
   6.8883660e+01   3.9940020e+00
   6.8432700e+01   3.9928790e+00
   6.7987500e+01   3.9917780e+00
   6.7547960e+01   3.9906970e+00
   6.7113980e+01   3.9896360e+00
   6.6685450e+01   3.9885950e+00
   6.6262280e+01   3.9875720e+00
   6.5844360e+01   3.9865670e+00
   6.5431610e+01   3.9855800e+00
   6.5023930e+01   3.9846100e+00
   6.4621220e+01   3.9836570e+00
   6.4223410e+01   3.9827200e+00
   6.3830400e+01   3.9817990e+00
   6.3442110e+01   3.9808940e+00
   6.3058460e+01   3.9800030e+00
   6.2679360e+01   3.9791270e+00
   6.2304750e+01   3.9782660e+00
   6.1934530e+01   3.9774180e+00
   6.1568640e+01   3.9765840e+00
   6.1207010e+01   3.9757620e+00
   6.0849550e+01   3.9749540e+00
   6.0496210e+01   3.9741580e+00
   6.0146900e+01   3.9733740e+00
   5.9801570e+01   3.9726010e+00
   5.9460150e+01   3.9718400e+00
   5.9122580e+01   3.9710900e+00
   5.8788780e+01   3.9703510e+00
   5.8458710e+01   3.9696220e+00
   5.8132290e+01   3.9689030e+00
   5.7809480e+01   3.9681950e+00
   5.7490210e+01   3.9674960e+00
   5.7174430e+01   3.9668060e+00
   5.6862070e+01   3.9661250e+00
   5.6553100e+01   3.9654540e+00
   5.6247440e+01   3.9647900e+00
   5.5945060e+01   3.9641360e+00
   5.5645900e+01   3.9634890e+00
   5.5349920e+01   3.9628500e+00
   5.5057050e+01   3.9622190e+00
   5.4767260e+01   3.9615950e+00
   5.4480490e+01   3.9609790e+00
   5.4196710e+01   3.9603700e+00
   5.3915860e+01   3.9597670e+00
   5.3637910e+01   3.9591710e+00
   5.3362800e+01   3.9585820e+00
   5.3090500e+01   3.9579990e+00
   5.2820970e+01   3.9574220e+00
   5.2554160e+01   3.9568510e+00
   5.2290030e+01   3.9562850e+00
   5.2028550e+01   3.9557250e+00
   5.1769670e+01   3.9551710e+00
   5.1513370e+01   3.9546220e+00
   5.1259590e+01   3.9540780e+00
   5.1008310e+01   3.9535390e+00
   5.0759490e+01   3.9530050e+00
   5.0513090e+01   3.9524750e+00
   5.0269080e+01   3.9519510e+00
   5.0027430e+01   3.9514300e+00
   4.9788100e+01   3.9509140e+00
   4.9551060e+01   3.9504020e+00
   4.9316280e+01   3.9498930e+00
   4.9083720e+01   3.9493890e+00
   4.8853370e+01   3.9488890e+00
   4.8625170e+01   3.9483920e+00
   4.8399120e+01   3.9478980e+00
   4.8175170e+01   3.9474090e+00
   4.7953310e+01   3.9469220e+00
   4.7733490e+01   3.9464390e+00
   4.7515700e+01   3.9459580e+00
   4.7299900e+01   3.9454810e+00
   4.7086070e+01   3.9450070e+00
   4.6874180e+01   3.9445350e+00
   4.6664220e+01   3.9440670e+00
   4.6456140e+01   3.9436000e+00
   4.6249930e+01   3.9431370e+00
   4.6045570e+01   3.9426750e+00
   4.5843020e+01   3.9422170e+00
   4.5642270e+01   3.9417600e+00
   4.5443300e+01   3.9413060e+00
   4.5246070e+01   3.9408540e+00
   4.5050570e+01   3.9404030e+00
   4.4856770e+01   3.9399550e+00
   4.4664660e+01   3.9395090e+00
   4.4474210e+01   3.9390640e+00
   4.4285400e+01   3.9386220e+00
   4.4098210e+01   3.9381800e+00
   4.3912620e+01   3.9377410e+00
   4.3728610e+01   3.9373030e+00
   4.3546160e+01   3.9368670e+00
   4.3365260e+01   3.9364320e+00
   4.3185870e+01   3.9359980e+00
   4.3007990e+01   3.9355660e+00
   4.2831600e+01   3.9351340e+00
   4.2656670e+01   3.9347050e+00
   4.2483190e+01   3.9342760e+00
   4.2311150e+01   3.9338480e+00
   4.2140520e+01   3.9334210e+00
   4.1971290e+01   3.9329960e+00
   4.1803440e+01   3.9325710e+00
   4.1636950e+01   3.9321470e+00
   4.1471810e+01   3.9317240e+00
   4.1308010e+01   3.9313010e+00
   4.1145520e+01   3.9308790e+00
   4.0984330e+01   3.9304580e+00
   4.0824430e+01   3.9300380e+00
   4.0665810e+01   3.9296180e+00
   4.0508440e+01   3.9291990e+00
   4.0352310e+01   3.9287800e+00
   4.0197410e+01   3.9283620e+00
   4.0043720e+01   3.9279440e+00
   3.9891230e+01   3.9275260e+00
   3.9739930e+01   3.9271090e+00
   3.9589810e+01   3.9266920e+00
   3.9440840e+01   3.9262760e+00
   3.9293020e+01   3.9258590e+00
   3.9146330e+01   3.9254430e+00
   3.9000770e+01   3.9250270e+00
   3.8856310e+01   3.9246110e+00
   3.8712950e+01   3.9241950e+00
   3.8570670e+01   3.9237790e+00
   3.8429470e+01   3.9233630e+00
   3.8289330e+01   3.9229480e+00
   3.8150240e+01   3.9225320e+00
   3.8012180e+01   3.9221160e+00
   3.7875150e+01   3.9217000e+00
   3.7739140e+01   3.9212830e+00
   3.7604130e+01   3.9208670e+00
   3.7470110e+01   3.9204510e+00
   3.7337080e+01   3.9200340e+00
   3.7205020e+01   3.9196170e+00
   3.7073920e+01   3.9191990e+00
   3.6943770e+01   3.9187820e+00
   3.6814570e+01   3.9183640e+00
   3.6686300e+01   3.9179460e+00
   3.6558950e+01   3.9175270e+00
   3.6432510e+01   3.9171080e+00
   3.6306980e+01   3.9166880e+00
   3.6182330e+01   3.9162680e+00
   3.6058580e+01   3.9158480e+00
   3.5935700e+01   3.9154270e+00
   3.5813680e+01   3.9150050e+00
   3.5692530e+01   3.9145830e+00
   3.5572220e+01   3.9141610e+00
   3.5452750e+01   3.9137380e+00
   3.5334120e+01   3.9133140e+00
   3.5216300e+01   3.9128890e+00
   3.5099300e+01   3.9124640e+00
   3.4983110e+01   3.9120390e+00
   3.4867720e+01   3.9116120e+00
   3.4753120e+01   3.9111850e+00
   3.4639300e+01   3.9107570e+00
   3.4526260e+01   3.9103290e+00
   3.4413980e+01   3.9098990e+00
   3.4302470e+01   3.9094690e+00
   3.4191700e+01   3.9090380e+00
   3.4081680e+01   3.9086060e+00
   3.3972400e+01   3.9081740e+00
   3.3863850e+01   3.9077400e+00
   3.3756030e+01   3.9073060e+00
   3.3648920e+01   3.9068710e+00
   3.3542520e+01   3.9064350e+00
   3.3436820e+01   3.9059980e+00
   3.3331820e+01   3.9055600e+00
   3.3227510e+01   3.9051210e+00
   3.3123890e+01   3.9046810e+00
   3.3020930e+01   3.9042400e+00
   3.2918650e+01   3.9037980e+00
   3.2817040e+01   3.9033550e+00
   3.2716080e+01   3.9029110e+00
   3.2615770e+01   3.9024660e+00
   3.2516110e+01   3.9020200e+00
   3.2417090e+01   3.9015730e+00
   3.2318700e+01   3.9011250e+00
   3.2220940e+01   3.9006760e+00
   3.2123800e+01   3.9002250e+00
   3.2027280e+01   3.8997740e+00
   3.1931360e+01   3.8993210e+00
   3.1836060e+01   3.8988680e+00
   3.1741350e+01   3.8984130e+00
   3.1647240e+01   3.8979560e+00
   3.1553710e+01   3.8974990e+00
   3.1460770e+01   3.8970410e+00
   3.1368410e+01   3.8965810e+00
   3.1276620e+01   3.8961200e+00
   3.1185400e+01   3.8956580e+00
   3.1094740e+01   3.8951940e+00
   3.1004630e+01   3.8947300e+00
   3.0915090e+01   3.8942640e+00
   3.0826090e+01   3.8937960e+00
   3.0737630e+01   3.8933280e+00
   3.0649710e+01   3.8928580e+00
   3.0562330e+01   3.8923870e+00
   3.0475470e+01   3.8919140e+00
   3.0389140e+01   3.8914410e+00
   3.0303330e+01   3.8909650e+00
   3.0218030e+01   3.8904890e+00
   3.0133250e+01   3.8900110e+00
   3.0048970e+01   3.8895320e+00
   2.9965190e+01   3.8890510e+00
   2.9881920e+01   3.8885690e+00
   2.9799130e+01   3.8880860e+00
   2.9716840e+01   3.8876010e+00
   2.9635030e+01   3.8871140e+00
   2.9553700e+01   3.8866270e+00
   2.9472850e+01   3.8861370e+00
   2.9392470e+01   3.8856470e+00
   2.9312570e+01   3.8851550e+00
   2.9233120e+01   3.8846610e+00
   2.9154140e+01   3.8841660e+00
   2.9075620e+01   3.8836700e+00
   2.8997550e+01   3.8831710e+00
   2.8919930e+01   3.8826720e+00
   2.8842760e+01   3.8821710e+00
   2.8766030e+01   3.8816680e+00
   2.8689740e+01   3.8811640e+00
   2.8613880e+01   3.8806580e+00
   2.8538460e+01   3.8801510e+00
   2.8463470e+01   3.8796420e+00
   2.8388900e+01   3.8791320e+00
   2.8314750e+01   3.8786200e+00
   2.8241020e+01   3.8781070e+00
   2.8167700e+01   3.8775910e+00
   2.8094800e+01   3.8770750e+00
   2.8022310e+01   3.8765560e+00
   2.7950220e+01   3.8760360e+00
   2.7878530e+01   3.8755150e+00
   2.7807240e+01   3.8749920e+00
   2.7736350e+01   3.8744670e+00
   2.7665840e+01   3.8739400e+00
   2.7595730e+01   3.8734120e+00
   2.7526010e+01   3.8728830e+00
   2.7456660e+01   3.8723510e+00
   2.7387700e+01   3.8718180e+00
   2.7319120e+01   3.8712830e+00
   2.7250910e+01   3.8707470e+00
   2.7183070e+01   3.8702090e+00
   2.7115600e+01   3.8696690e+00
   2.7048490e+01   3.8691270e+00
   2.6981750e+01   3.8685840e+00
   2.6915370e+01   3.8680390e+00
   2.6849340e+01   3.8674920e+00
   2.6783670e+01   3.8669440e+00
   2.6718350e+01   3.8663930e+00
   2.6653390e+01   3.8658420e+00
   2.6588770e+01   3.8652880e+00
   2.6524490e+01   3.8647320e+00
   2.6460550e+01   3.8641750e+00
   2.6396950e+01   3.8636160e+00
   2.6333690e+01   3.8630550e+00
   2.6270770e+01   3.8624930e+00
   2.6208170e+01   3.8619290e+00
   2.6145910e+01   3.8613630e+00
   2.6083970e+01   3.8607950e+00
   2.6022350e+01   3.8602250e+00
   2.5961060e+01   3.8596530e+00
   2.5900080e+01   3.8590800e+00
   2.5839430e+01   3.8585050e+00
   2.5779080e+01   3.8579280e+00
   2.5719050e+01   3.8573490e+00
   2.5659330e+01   3.8567680e+00
   2.5599920e+01   3.8561860e+00
   2.5540820e+01   3.8556020e+00
   2.5482010e+01   3.8550150e+00
   2.5423510e+01   3.8544270e+00
   2.5365310e+01   3.8538370e+00
   2.5307400e+01   3.8532460e+00
   2.5249790e+01   3.8526520e+00
   2.5192480e+01   3.8520560e+00
   2.5135450e+01   3.8514590e+00
   2.5078710e+01   3.8508600e+00
   2.5022260e+01   3.8502590e+00
   2.4966090e+01   3.8496560e+00
   2.4910210e+01   3.8490510e+00
   2.4854610e+01   3.8484440e+00
   2.4799280e+01   3.8478350e+00
   2.4744230e+01   3.8472240e+00
   2.4689460e+01   3.8466120e+00
   2.4634960e+01   3.8459970e+00
   2.4580730e+01   3.8453810e+00
   2.4526770e+01   3.8447620e+00
   2.4473070e+01   3.8441420e+00
   2.4419640e+01   3.8435200e+00
   2.4366480e+01   3.8428960e+00
   2.4313580e+01   3.8422690e+00
   2.4260930e+01   3.8416410e+00
   2.4208550e+01   3.8410110e+00
   2.4156420e+01   3.8403790e+00
   2.4104550e+01   3.8397450e+00
   2.4052920e+01   3.8391090e+00
   2.4001550e+01   3.8384710e+00
   2.3950430e+01   3.8378320e+00
   2.3899560e+01   3.8371900e+00
   2.3848940e+01   3.8365460e+00
   2.3798550e+01   3.8359000e+00
   2.3748420e+01   3.8352520e+00
   2.3698520e+01   3.8346030e+00
   2.3648860e+01   3.8339510e+00
   2.3599440e+01   3.8332970e+00
   2.3550260e+01   3.8326410e+00
   2.3501310e+01   3.8319840e+00
   2.3452590e+01   3.8313240e+00
   2.3404110e+01   3.8306620e+00
   2.3355860e+01   3.8299990e+00
   2.3307830e+01   3.8293330e+00
   2.3260040e+01   3.8286650e+00
   2.3212470e+01   3.8279950e+00
   2.3165120e+01   3.8273230e+00
   2.3118000e+01   3.8266500e+00
   2.3071090e+01   3.8259740e+00
   2.3024410e+01   3.8252960e+00
   2.2977950e+01   3.8246160e+00
   2.2931700e+01   3.8239340e+00
   2.2885670e+01   3.8232500e+00
   2.2839860e+01   3.8225640e+00
   2.2794250e+01   3.8218760e+00
   2.2748860e+01   3.8211860e+00
   2.2703680e+01   3.8204940e+00
   2.2658710e+01   3.8198000e+00
   2.2613940e+01   3.8191040e+00
   2.2569390e+01   3.8184050e+00
   2.2525030e+01   3.8177050e+00
   2.2480880e+01   3.8170030e+00
   2.2436940e+01   3.8162980e+00
   2.2393190e+01   3.8155920e+00
   2.2349640e+01   3.8148830e+00
   2.2306300e+01   3.8141730e+00
   2.2263150e+01   3.8134600e+00
   2.2220190e+01   3.8127450e+00
   2.2177440e+01   3.8120290e+00
   2.2134870e+01   3.8113100e+00
   2.2092500e+01   3.8105890e+00
   2.2050320e+01   3.8098660e+00
   2.2008330e+01   3.8091410e+00
   2.1966530e+01   3.8084140e+00
   2.1924910e+01   3.8076850e+00
   2.1883480e+01   3.8069540e+00
   2.1842240e+01   3.8062210e+00
   2.1801190e+01   3.8054850e+00
   2.1760310e+01   3.8047480e+00
   2.1719620e+01   3.8040080e+00
   2.1679110e+01   3.8032670e+00
   2.1638780e+01   3.8025230e+00
   2.1598630e+01   3.8017780e+00
   2.1558650e+01   3.8010300e+00
   2.1518860e+01   3.8002800e+00
   2.1479230e+01   3.7995280e+00
   2.1439790e+01   3.7987740e+00
   2.1400510e+01   3.7980180e+00
   2.1361410e+01   3.7972600e+00
   2.1322480e+01   3.7965000e+00
   2.1283720e+01   3.7957380e+00
   2.1245130e+01   3.7949740e+00
   2.1206710e+01   3.7942070e+00
   2.1168460e+01   3.7934390e+00
   2.1130370e+01   3.7926680e+00
   2.1092450e+01   3.7918960e+00
   2.1054690e+01   3.7911210e+00
   2.1017100e+01   3.7903440e+00
   2.0979670e+01   3.7895650e+00
   2.0942400e+01   3.7887850e+00
   2.0905290e+01   3.7880020e+00
   2.0868340e+01   3.7872170e+00
   2.0831550e+01   3.7864290e+00
   2.0794920e+01   3.7856400e+00
   2.0758440e+01   3.7848490e+00
   2.0722120e+01   3.7840560e+00
   2.0685960e+01   3.7832610e+00
   2.0649940e+01   3.7824630e+00
   2.0614090e+01   3.7816640e+00
   2.0578380e+01   3.7808620e+00
   2.0542830e+01   3.7800590e+00
   2.0507430e+01   3.7792530e+00
   2.0472170e+01   3.7784450e+00
   2.0437070e+01   3.7776360e+00
   2.0402110e+01   3.7768240e+00
   2.0367310e+01   3.7760100e+00
   2.0332640e+01   3.7751940e+00
   2.0298130e+01   3.7743760e+00
   2.0263760e+01   3.7735560e+00
   2.0229530e+01   3.7727340e+00
   2.0195440e+01   3.7719100e+00
   2.0161500e+01   3.7710840e+00
   2.0127700e+01   3.7702560e+00
   2.0094040e+01   3.7694260e+00
   2.0060520e+01   3.7685940e+00
   2.0027140e+01   3.7677600e+00
   1.9993900e+01   3.7669230e+00
   1.9960790e+01   3.7660850e+00
   1.9927820e+01   3.7652450e+00
   1.9894990e+01   3.7644030e+00
   1.9862290e+01   3.7635580e+00
   1.9829730e+01   3.7627120e+00
   1.9797300e+01   3.7618640e+00
   1.9765000e+01   3.7610130e+00
   1.9732840e+01   3.7601610e+00
   1.9700810e+01   3.7593070e+00
   1.9668910e+01   3.7584500e+00
   1.9637140e+01   3.7575920e+00
   1.9605490e+01   3.7567320e+00
   1.9573980e+01   3.7558690e+00
   1.9542590e+01   3.7550050e+00
   1.9511340e+01   3.7541390e+00
   1.9480200e+01   3.7532700e+00
   1.9449200e+01   3.7524000e+00
   1.9418320e+01   3.7515280e+00
   1.9387560e+01   3.7506540e+00
   1.9356930e+01   3.7497780e+00
   1.9326420e+01   3.7488990e+00
   1.9296030e+01   3.7480190e+00
   1.9265770e+01   3.7471370e+00
   1.9235620e+01   3.7462530e+00
   1.9205600e+01   3.7453670e+00
   1.9175700e+01   3.7444800e+00
   1.9145910e+01   3.7435900e+00
   1.9116250e+01   3.7426980e+00
   1.9086700e+01   3.7418040e+00
   1.9057270e+01   3.7409090e+00
   1.9027950e+01   3.7400110e+00
   1.8998750e+01   3.7391120e+00
   1.8969670e+01   3.7382110e+00
   1.8940700e+01   3.7373070e+00
   1.8911850e+01   3.7364020e+00
   1.8883110e+01   3.7354950e+00
   1.8854480e+01   3.7345860e+00
   1.8825960e+01   3.7336750e+00
   1.8797560e+01   3.7327630e+00
   1.8769270e+01   3.7318480e+00
   1.8741080e+01   3.7309320e+00
   1.8713010e+01   3.7300130e+00
   1.8685050e+01   3.7290930e+00
   1.8657190e+01   3.7281710e+00
   1.8629450e+01   3.7272470e+00
   1.8601810e+01   3.7263220e+00
   1.8574280e+01   3.7253940e+00
   1.8546850e+01   3.7244650e+00
   1.8519530e+01   3.7235330e+00
   1.8492320e+01   3.7226000e+00
   1.8465210e+01   3.7216650e+00
   1.8438200e+01   3.7207290e+00
   1.8411300e+01   3.7197900e+00
   1.8384500e+01   3.7188500e+00
   1.8357810e+01   3.7179080e+00
   1.8331220e+01   3.7169640e+00
   1.8304720e+01   3.7160180e+00
   1.8278330e+01   3.7150710e+00
   1.8252040e+01   3.7141220e+00
   1.8225850e+01   3.7131710e+00
   1.8199760e+01   3.7122180e+00
   1.8173770e+01   3.7112630e+00
   1.8147870e+01   3.7103070e+00
   1.8122080e+01   3.7093490e+00
   1.8096380e+01   3.7083890e+00
   1.8070780e+01   3.7074280e+00
   1.8045270e+01   3.7064650e+00
   1.8019860e+01   3.7055000e+00
   1.7994550e+01   3.7045330e+00
   1.7969330e+01   3.7035650e+00
   1.7944210e+01   3.7025950e+00
   1.7919170e+01   3.7016230e+00
   1.7894240e+01   3.7006500e+00
   1.7869390e+01   3.6996750e+00
   1.7844640e+01   3.6986980e+00
   1.7819980e+01   3.6977190e+00
   1.7795410e+01   3.6967390e+00
   1.7770930e+01   3.6957580e+00
   1.7746550e+01   3.6947740e+00
   1.7722250e+01   3.6937890e+00
   1.7698040e+01   3.6928030e+00
   1.7673930e+01   3.6918150e+00
   1.7649900e+01   3.6908250e+00
   1.7625960e+01   3.6898330e+00
   1.7602100e+01   3.6888400e+00
   1.7578340e+01   3.6878460e+00
   1.7554660e+01   3.6868490e+00
   1.7531070e+01   3.6858520e+00
   1.7507560e+01   3.6848520e+00
   1.7484140e+01   3.6838510e+00
   1.7460800e+01   3.6828490e+00
   1.7437550e+01   3.6818450e+00
   1.7414390e+01   3.6808390e+00
   1.7391300e+01   3.6798320e+00
   1.7368300e+01   3.6788240e+00
   1.7345390e+01   3.6778140e+00
   1.7322550e+01   3.6768020e+00
   1.7299800e+01   3.6757890e+00
   1.7277130e+01   3.6747740e+00
   1.7254550e+01   3.6737580e+00
   1.7232040e+01   3.6727410e+00
   1.7209610e+01   3.6717220e+00
   1.7187270e+01   3.6707010e+00
   1.7165000e+01   3.6696790e+00
   1.7142810e+01   3.6686560e+00
   1.7120700e+01   3.6676310e+00
   1.7098680e+01   3.6666050e+00
   1.7076720e+01   3.6655770e+00
   1.7054850e+01   3.6645480e+00
   1.7033050e+01   3.6635180e+00
   1.7011330e+01   3.6624860e+00
   1.6989690e+01   3.6614530e+00
   1.6968130e+01   3.6604180e+00
   1.6946640e+01   3.6593820e+00
   1.6925220e+01   3.6583450e+00
   1.6903880e+01   3.6573060e+00
   1.6882610e+01   3.6562660e+00
   1.6861420e+01   3.6552250e+00
   1.6840310e+01   3.6541820e+00
   1.6819260e+01   3.6531380e+00
   1.6798290e+01   3.6520930e+00
   1.6777400e+01   3.6510460e+00
   1.6756570e+01   3.6499980e+00
   1.6735820e+01   3.6489490e+00
   1.6715140e+01   3.6478980e+00
   1.6694530e+01   3.6468470e+00
   1.6673990e+01   3.6457940e+00
   1.6653520e+01   3.6447400e+00
   1.6633130e+01   3.6436840e+00
   1.6612800e+01   3.6426270e+00
   1.6592540e+01   3.6415700e+00
   1.6572360e+01   3.6405100e+00
   1.6552240e+01   3.6394500e+00
   1.6532190e+01   3.6383890e+00
   1.6512210e+01   3.6373260e+00
   1.6492290e+01   3.6362620e+00
   1.6472450e+01   3.6351970e+00
   1.6452670e+01   3.6341310e+00
   1.6432960e+01   3.6330640e+00
   1.6413310e+01   3.6319950e+00
   1.6393730e+01   3.6309250e+00
   1.6374220e+01   3.6298550e+00
   1.6354770e+01   3.6287830e+00
   1.6335390e+01   3.6277100e+00
   1.6316080e+01   3.6266360e+00
   1.6296820e+01   3.6255610e+00
   1.6277640e+01   3.6244850e+00
   1.6258510e+01   3.6234070e+00
   1.6239450e+01   3.6223290e+00
   1.6220460e+01   3.6212500e+00
   1.6201530e+01   3.6201690e+00
   1.6182660e+01   3.6190880e+00
   1.6163850e+01   3.6180060e+00
   1.6145100e+01   3.6169220e+00
   1.6126420e+01   3.6158380e+00
   1.6107800e+01   3.6147520e+00
   1.6089240e+01   3.6136660e+00
   1.6070740e+01   3.6125780e+00
   1.6052300e+01   3.6114900e+00
   1.6033930e+01   3.6104010e+00
   1.6015610e+01   3.6093100e+00
   1.5997350e+01   3.6082190e+00
   1.5979150e+01   3.6071270e+00
   1.5961020e+01   3.6060340e+00
   1.5942940e+01   3.6049400e+00
   1.5924920e+01   3.6038450e+00
   1.5906950e+01   3.6027490e+00
   1.5889050e+01   3.6016530e+00
   1.5871200e+01   3.6005550e+00
   1.5853410e+01   3.5994570e+00
   1.5835680e+01   3.5983580e+00
   1.5818010e+01   3.5972580e+00
   1.5800390e+01   3.5961570e+00
   1.5782830e+01   3.5950550e+00
   1.5765330e+01   3.5939530e+00
   1.5747880e+01   3.5928490e+00
   1.5730480e+01   3.5917450e+00
   1.5713150e+01   3.5906400e+00
   1.5695870e+01   3.5895340e+00
   1.5678640e+01   3.5884280e+00
   1.5661470e+01   3.5873210e+00
   1.5644350e+01   3.5862130e+00
   1.5627280e+01   3.5851040e+00
   1.5610270e+01   3.5839950e+00
   1.5593320e+01   3.5828840e+00
   1.5576410e+01   3.5817740e+00
   1.5559560e+01   3.5806620e+00
   1.5542770e+01   3.5795500e+00
   1.5526020e+01   3.5784370e+00
   1.5509330e+01   3.5773230e+00
   1.5492690e+01   3.5762090e+00
   1.5476100e+01   3.5750940e+00
   1.5459560e+01   3.5739780e+00
   1.5443080e+01   3.5728620e+00
   1.5426640e+01   3.5717450e+00
   1.5410260e+01   3.5706270e+00
   1.5393930e+01   3.5695090e+00
   1.5377640e+01   3.5683900e+00
   1.5361410e+01   3.5672710e+00
   1.5345230e+01   3.5661510e+00
   1.5329100e+01   3.5650310e+00
   1.5313010e+01   3.5639100e+00
   1.5296980e+01   3.5627880e+00
   1.5280990e+01   3.5616660e+00
   1.5265060e+01   3.5605430e+00
   1.5249170e+01   3.5594200e+00
   1.5233330e+01   3.5582960e+00
   1.5217540e+01   3.5571720e+00
   1.5201800e+01   3.5560470e+00
   1.5186100e+01   3.5549220e+00
   1.5170450e+01   3.5537960e+00
   1.5154850e+01   3.5526700e+00
   1.5139300e+01   3.5515430e+00
   1.5123790e+01   3.5504160e+00
   1.5108330e+01   3.5492880e+00
   1.5092910e+01   3.5481600e+00
   1.5077550e+01   3.5470310e+00
   1.5062220e+01   3.5459020e+00
   1.5046950e+01   3.5447730e+00
   1.5031710e+01   3.5436430e+00
   1.5016530e+01   3.5425130e+00
   1.5001390e+01   3.5413830e+00
   1.4986290e+01   3.5402520e+00
   1.4971240e+01   3.5391200e+00
   1.4956230e+01   3.5379890e+00
   1.4941270e+01   3.5368560e+00
   1.4926350e+01   3.5357240e+00
   1.4911470e+01   3.5345910e+00
   1.4896640e+01   3.5334580e+00
   1.4881850e+01   3.5323250e+00
   1.4867100e+01   3.5311910e+00
   1.4852400e+01   3.5300570e+00
   1.4837740e+01   3.5289230e+00
   1.4823130e+01   3.5277880e+00
   1.4808550e+01   3.5266530e+00
   1.4794020e+01   3.5255180e+00
   1.4779530e+01   3.5243830e+00
   1.4765080e+01   3.5232470e+00
   1.4750670e+01   3.5221110e+00
   1.4736310e+01   3.5209750e+00
   1.4721980e+01   3.5198380e+00
   1.4707700e+01   3.5187020e+00
   1.4693460e+01   3.5175650e+00
   1.4679250e+01   3.5164280e+00
   1.4665090e+01   3.5152910e+00
   1.4650970e+01   3.5141530e+00
   1.4636890e+01   3.5130150e+00
   1.4622850e+01   3.5118780e+00
   1.4608850e+01   3.5107400e+00
   1.4594890e+01   3.5096020e+00
   1.4580960e+01   3.5084630e+00
   1.4567080e+01   3.5073250e+00
   1.4553240e+01   3.5061860e+00
   1.4539430e+01   3.5050470e+00
   1.4525660e+01   3.5039090e+00
   1.4511940e+01   3.5027700e+00
   1.4498250e+01   3.5016310e+00
   1.4484590e+01   3.5004910e+00
   1.4470980e+01   3.4993520e+00
   1.4457400e+01   3.4982130e+00
   1.4443870e+01   3.4970730e+00
   1.4430370e+01   3.4959340e+00
   1.4416900e+01   3.4947940e+00
   1.4403480e+01   3.4936550e+00
   1.4390090e+01   3.4925150e+00
   1.4376730e+01   3.4913760e+00
   1.4363420e+01   3.4902360e+00
   1.4350140e+01   3.4890960e+00
   1.4336890e+01   3.4879560e+00
   1.4323690e+01   3.4868170e+00
   1.4310520e+01   3.4856770e+00
   1.4297380e+01   3.4845370e+00
   1.4284280e+01   3.4833970e+00
   1.4271220e+01   3.4822580e+00
   1.4258190e+01   3.4811180e+00
   1.4245200e+01   3.4799780e+00
   1.4232240e+01   3.4788380e+00
   1.4219310e+01   3.4776990e+00
   1.4206430e+01   3.4765590e+00
   1.4193570e+01   3.4754200e+00
   1.4180750e+01   3.4742800e+00
   1.4167970e+01   3.4731410e+00
   1.4155210e+01   3.4720020e+00
   1.4142500e+01   3.4708630e+00
   1.4129810e+01   3.4697240e+00
   1.4117160e+01   3.4685850e+00
   1.4104550e+01   3.4674460e+00
   1.4091960e+01   3.4663070e+00
   1.4079410e+01   3.4651680e+00
   1.4066900e+01   3.4640300e+00
   1.4054410e+01   3.4628910e+00
   1.4041960e+01   3.4617530e+00
   1.4029540e+01   3.4606150e+00
   1.4017160e+01   3.4594770e+00
   1.4004800e+01   3.4583390e+00
   1.3992480e+01   3.4572020e+00
   1.3980190e+01   3.4560640e+00
   1.3967940e+01   3.4549270e+00
   1.3955710e+01   3.4537900e+00
   1.3943520e+01   3.4526530e+00
   1.3931350e+01   3.4515160e+00
   1.3919220e+01   3.4503800e+00
   1.3907120e+01   3.4492430e+00
   1.3895050e+01   3.4481070e+00
   1.3883020e+01   3.4469710e+00
   1.3871010e+01   3.4458360e+00
   1.3859030e+01   3.4447000e+00
   1.3847090e+01   3.4435650e+00
   1.3835170e+01   3.4424300e+00
   1.3823290e+01   3.4412950e+00
   1.3811430e+01   3.4401610e+00
   1.3799610e+01   3.4390270e+00
   1.3787820e+01   3.4378930e+00
   1.3776050e+01   3.4367590e+00
   1.3764320e+01   3.4356260e+00
   1.3752610e+01   3.4344930e+00
   1.3740940e+01   3.4333600e+00
   1.3729290e+01   3.4322270e+00
   1.3717670e+01   3.4310950e+00
   1.3706080e+01   3.4299630e+00
   1.3694520e+01   3.4288320e+00
   1.3682990e+01   3.4277000e+00
   1.3671490e+01   3.4265690e+00
   1.3660020e+01   3.4254390e+00
   1.3648570e+01   3.4243090e+00
   1.3637160e+01   3.4231790e+00
   1.3625770e+01   3.4220490e+00
   1.3614410e+01   3.4209200e+00
   1.3603070e+01   3.4197910e+00
   1.3591770e+01   3.4186620e+00
   1.3580490e+01   3.4175340e+00
   1.3569240e+01   3.4164060e+00
   1.3558020e+01   3.4152780e+00
   1.3546830e+01   3.4141510e+00
   1.3535660e+01   3.4130250e+00
   1.3524520e+01   3.4118980e+00
   1.3513410e+01   3.4107720e+00
   1.3502320e+01   3.4096470e+00
   1.3491260e+01   3.4085220e+00
   1.3480230e+01   3.4073970e+00
   1.3469230e+01   3.4062720e+00
   1.3458250e+01   3.4051480e+00
   1.3447300e+01   3.4040250e+00
   1.3436370e+01   3.4029020e+00
   1.3425470e+01   3.4017790e+00
   1.3414590e+01   3.4006570e+00
   1.3403750e+01   3.3995350e+00
   1.3392920e+01   3.3984140e+00
   1.3382130e+01   3.3972930e+00
   1.3371360e+01   3.3961720e+00
   1.3360610e+01   3.3950520e+00
   1.3349890e+01   3.3939330e+00
   1.3339200e+01   3.3928130e+00
   1.3328530e+01   3.3916950e+00
   1.3317880e+01   3.3905770e+00
   1.3307260e+01   3.3894590e+00
   1.3296670e+01   3.3883420e+00
   1.3286100e+01   3.3872250e+00
   1.3275550e+01   3.3861080e+00
   1.3265030e+01   3.3849930e+00
   1.3254540e+01   3.3838770e+00
   1.3244070e+01   3.3827630e+00
   1.3233620e+01   3.3816480e+00
   1.3223200e+01   3.3805340e+00
   1.3212800e+01   3.3794210e+00
   1.3202430e+01   3.3783080e+00
   1.3192080e+01   3.3771960e+00
   1.3181750e+01   3.3760840e+00
   1.3171450e+01   3.3749730e+00
   1.3161170e+01   3.3738620e+00
   1.3150910e+01   3.3727520e+00
   1.3140680e+01   3.3716430e+00
   1.3130470e+01   3.3705330e+00
   1.3120280e+01   3.3694250e+00
   1.3110120e+01   3.3683170e+00
   1.3099980e+01   3.3672090e+00
   1.3089870e+01   3.3661020e+00
   1.3079770e+01   3.3649960e+00
   1.3069700e+01   3.3638900e+00
   1.3059660e+01   3.3627850e+00
   1.3049630e+01   3.3616800e+00
   1.3039630e+01   3.3605760e+00
   1.3029650e+01   3.3594720e+00
   1.3019690e+01   3.3583690e+00
   1.3009750e+01   3.3572670e+00
   1.2999840e+01   3.3561650e+00
   1.2989950e+01   3.3550640e+00
   1.2980080e+01   3.3539630e+00
   1.2970240e+01   3.3528630e+00
   1.2960410e+01   3.3517640e+00
   1.2950610e+01   3.3506650e+00
   1.2940830e+01   3.3495660e+00
   1.2931070e+01   3.3484690e+00
   1.2921330e+01   3.3473720e+00
   1.2911610e+01   3.3462750e+00
   1.2901910e+01   3.3451790e+00
   1.2892240e+01   3.3440840e+00
   1.2882590e+01   3.3429890e+00
   1.2872960e+01   3.3418950e+00
   1.2863340e+01   3.3408020e+00
   1.2853760e+01   3.3397090e+00
   1.2844190e+01   3.3386170e+00
   1.2834640e+01   3.3375250e+00
   1.2825110e+01   3.3364340e+00
   1.2815600e+01   3.3353440e+00
   1.2806120e+01   3.3342540e+00
   1.2796650e+01   3.3331650e+00
   1.2787210e+01   3.3320770e+00
   1.2777780e+01   3.3309890e+00
   1.2768380e+01   3.3299020e+00
   1.2758990e+01   3.3288150e+00
   1.2749630e+01   3.3277290e+00
   1.2740290e+01   3.3266440e+00
   1.2730960e+01   3.3255600e+00
   1.2721660e+01   3.3244760e+00
   1.2712370e+01   3.3233930e+00
   1.2703110e+01   3.3223100e+00
   1.2693860e+01   3.3212280e+00
   1.2684640e+01   3.3201470e+00
   1.2675430e+01   3.3190660e+00
   1.2666250e+01   3.3179860e+00
   1.2657080e+01   3.3169070e+00
   1.2647930e+01   3.3158290e+00
   1.2638800e+01   3.3147510e+00
   1.2629690e+01   3.3136730e+00
   1.2620600e+01   3.3125970e+00
   1.2611530e+01   3.3115210e+00
   1.2602480e+01   3.3104460e+00
   1.2593450e+01   3.3093710e+00
   1.2584430e+01   3.3082970e+00
   1.2575440e+01   3.3072240e+00
   1.2566460e+01   3.3061520e+00
   1.2557500e+01   3.3050800e+00
   1.2548560e+01   3.3040090e+00
   1.2539640e+01   3.3029380e+00
   1.2530740e+01   3.3018690e+00
   1.2521860e+01   3.3008000e+00
   1.2512990e+01   3.2997310e+00
   1.2504140e+01   3.2986640e+00
   1.2495310e+01   3.2975970e+00
   1.2486500e+01   3.2965310e+00
   1.2477710e+01   3.2954650e+00
   1.2468930e+01   3.2944000e+00
   1.2460170e+01   3.2933360e+00
   1.2451440e+01   3.2922730e+00
   1.2442710e+01   3.2912100e+00
   1.2434010e+01   3.2901480e+00
   1.2425320e+01   3.2890870e+00
   1.2416650e+01   3.2880260e+00
   1.2408000e+01   3.2869660e+00
   1.2399370e+01   3.2859070e+00
   1.2390750e+01   3.2848490e+00
   1.2382150e+01   3.2837910e+00
   1.2373570e+01   3.2827340e+00
   1.2365010e+01   3.2816780e+00
   1.2356460e+01   3.2806220e+00
   1.2347930e+01   3.2795680e+00
   1.2339420e+01   3.2785130e+00
   1.2330920e+01   3.2774600e+00
   1.2322440e+01   3.2764070e+00
   1.2313980e+01   3.2753560e+00
   1.2305540e+01   3.2743040e+00
   1.2297110e+01   3.2732540e+00
   1.2288700e+01   3.2722040e+00
   1.2280300e+01   3.2711550e+00
   1.2271920e+01   3.2701070e+00
   1.2263560e+01   3.2690590e+00
   1.2255220e+01   3.2680130e+00
   1.2246890e+01   3.2669660e+00
   1.2238570e+01   3.2659210e+00
   1.2230280e+01   3.2648760e+00
   1.2222000e+01   3.2638330e+00
   1.2213730e+01   3.2627890e+00
   1.2205490e+01   3.2617470e+00
   1.2197260e+01   3.2607050e+00
   1.2189040e+01   3.2596650e+00
   1.2180840e+01   3.2586240e+00
   1.2172660e+01   3.2575850e+00
   1.2164490e+01   3.2565460e+00
   1.2156340e+01   3.2555080e+00
   1.2148200e+01   3.2544710e+00
   1.2140080e+01   3.2534350e+00
   1.2131980e+01   3.2523990e+00
   1.2123890e+01   3.2513640e+00
   1.2115820e+01   3.2503300e+00
   1.2107760e+01   3.2492960e+00
   1.2099720e+01   3.2482630e+00
   1.2091690e+01   3.2472310e+00
   1.2083680e+01   3.2462000e+00
   1.2075680e+01   3.2451700e+00
   1.2067700e+01   3.2441400e+00
   1.2059740e+01   3.2431110e+00
   1.2051790e+01   3.2420830e+00
   1.2043850e+01   3.2410550e+00
   1.2035930e+01   3.2400280e+00
   1.2028030e+01   3.2390020e+00
   1.2020140e+01   3.2379770e+00
   1.2012260e+01   3.2369530e+00
   1.2004400e+01   3.2359290e+00
   1.1996560e+01   3.2349060e+00
   1.1988730e+01   3.2338840e+00
   1.1980910e+01   3.2328620e+00
   1.1973110e+01   3.2318410e+00
   1.1965320e+01   3.2308210e+00
   1.1957550e+01   3.2298020e+00
   1.1949790e+01   3.2287840e+00
   1.1942050e+01   3.2277660e+00
   1.1934320e+01   3.2267490e+00
   1.1926610e+01   3.2257330e+00
   1.1918910e+01   3.2247170e+00
   1.1911230e+01   3.2237020e+00
   1.1903560e+01   3.2226880e+00
   1.1895900e+01   3.2216750e+00
   1.1888260e+01   3.2206630e+00
   1.1880630e+01   3.2196510e+00
   1.1873020e+01   3.2186400e+00
   1.1865420e+01   3.2176300e+00
   1.1857830e+01   3.2166200e+00
   1.1850260e+01   3.2156120e+00
   1.1842700e+01   3.2146040e+00
   1.1835160e+01   3.2135970e+00
   1.1827630e+01   3.2125900e+00
   1.1820110e+01   3.2115840e+00
   1.1812610e+01   3.2105800e+00
   1.1805120e+01   3.2095750e+00
   1.1797640e+01   3.2085720e+00
   1.1790180e+01   3.2075690e+00
   1.1782740e+01   3.2065670e+00
   1.1775300e+01   3.2055660e+00
   1.1767880e+01   3.2045660e+00
   1.1760470e+01   3.2035660e+00
   1.1753080e+01   3.2025670e+00
   1.1745700e+01   3.2015690e+00
   1.1738330e+01   3.2005720e+00
   1.1730980e+01   3.1995750e+00
   1.1723640e+01   3.1985790e+00
   1.1716310e+01   3.1975840e+00
   1.1709000e+01   3.1965900e+00
   1.1701700e+01   3.1955960e+00
   1.1694410e+01   3.1946030e+00
   1.1687140e+01   3.1936110e+00
   1.1679880e+01   3.1926200e+00
   1.1672630e+01   3.1916290e+00
   1.1665390e+01   3.1906390e+00
   1.1658170e+01   3.1896500e+00
   1.1650960e+01   3.1886620e+00
   1.1643770e+01   3.1876740e+00
   1.1636580e+01   3.1866870e+00
   1.1629410e+01   3.1857010e+00
   1.1622250e+01   3.1847160e+00
   1.1615110e+01   3.1837310e+00
   1.1607970e+01   3.1827470e+00
   1.1600850e+01   3.1817640e+00
   1.1593750e+01   3.1807810e+00
   1.1586650e+01   3.1798000e+00
   1.1579570e+01   3.1788190e+00
   1.1572500e+01   3.1778390e+00
   1.1565440e+01   3.1768590e+00
   1.1558400e+01   3.1758810e+00
   1.1551370e+01   3.1749030e+00
   1.1544350e+01   3.1739250e+00
   1.1537340e+01   3.1729490e+00
   1.1530340e+01   3.1719730e+00
   1.1523360e+01   3.1709980e+00
   1.1516390e+01   3.1700240e+00
   1.1509430e+01   3.1690500e+00
   1.1502480e+01   3.1680780e+00
   1.1495550e+01   3.1671060e+00
   1.1488630e+01   3.1661340e+00
   1.1481720e+01   3.1651640e+00
   1.1474820e+01   3.1641940e+00
   1.1467930e+01   3.1632250e+00
   1.1461060e+01   3.1622570e+00
   1.1454190e+01   3.1612890e+00
   1.1447340e+01   3.1603220e+00
   1.1440500e+01   3.1593560e+00
   1.1433680e+01   3.1583910e+00
   1.1426860e+01   3.1574260e+00
   1.1420060e+01   3.1564620e+00
   1.1413270e+01   3.1554990e+00
   1.1406490e+01   3.1545360e+00
   1.1399720e+01   3.1535750e+00
   1.1392960e+01   3.1526140e+00
   1.1386220e+01   3.1516530e+00
   1.1379480e+01   3.1506940e+00
   1.1372760e+01   3.1497350e+00
   1.1366050e+01   3.1487770e+00
   1.1359350e+01   3.1478200e+00
   1.1352660e+01   3.1468630e+00
   1.1345990e+01   3.1459070e+00
   1.1339320e+01   3.1449520e+00
   1.1332670e+01   3.1439970e+00
   1.1326030e+01   3.1430430e+00
   1.1319400e+01   3.1420900e+00
   1.1312780e+01   3.1411380e+00
   1.1306170e+01   3.1401870e+00
   1.1299570e+01   3.1392360e+00
   1.1292990e+01   3.1382850e+00
   1.1286410e+01   3.1373360e+00
   1.1279850e+01   3.1363870e+00
   1.1273300e+01   3.1354390e+00
   1.1266750e+01   3.1344920e+00
   1.1260220e+01   3.1335450e+00
   1.1253700e+01   3.1325990e+00
   1.1247190e+01   3.1316540e+00
   1.1240700e+01   3.1307100e+00
   1.1234210e+01   3.1297660e+00
   1.1227730e+01   3.1288230e+00
   1.1221270e+01   3.1278810e+00
   1.1214820e+01   3.1269390e+00
   1.1208370e+01   3.1259980e+00
   1.1201940e+01   3.1250580e+00
   1.1195520e+01   3.1241180e+00
   1.1189110e+01   3.1231800e+00
   1.1182710e+01   3.1222420e+00
   1.1176320e+01   3.1213040e+00
   1.1169940e+01   3.1203670e+00
   1.1163570e+01   3.1194310e+00
   1.1157210e+01   3.1184960e+00
   1.1150860e+01   3.1175620e+00
   1.1144530e+01   3.1166280e+00
   1.1138200e+01   3.1156940e+00
   1.1131880e+01   3.1147620e+00
   1.1125580e+01   3.1138300e+00
   1.1119280e+01   3.1128990e+00
   1.1113000e+01   3.1119690e+00
   1.1106720e+01   3.1110390e+00
   1.1100460e+01   3.1101100e+00
   1.1094210e+01   3.1091810e+00
   1.1087960e+01   3.1082540e+00
   1.1081730e+01   3.1073270e+00
   1.1075510e+01   3.1064000e+00
   1.1069300e+01   3.1054750e+00
   1.1063090e+01   3.1045500e+00
   1.1056900e+01   3.1036260e+00
   1.1050720e+01   3.1027020e+00
   1.1044550e+01   3.1017790e+00
   1.1038380e+01   3.1008570e+00
   1.1032230e+01   3.0999350e+00
   1.1026090e+01   3.0990150e+00
   1.1019960e+01   3.0980940e+00
   1.1013840e+01   3.0971750e+00
   1.1007730e+01   3.0962560e+00
   1.1001620e+01   3.0953380e+00
   1.0995530e+01   3.0944200e+00
   1.0989450e+01   3.0935040e+00
   1.0983380e+01   3.0925870e+00
   1.0977310e+01   3.0916720e+00
   1.0971260e+01   3.0907570e+00
   1.0965220e+01   3.0898430e+00
   1.0959190e+01   3.0889300e+00
   1.0953160e+01   3.0880170e+00
   1.0947150e+01   3.0871050e+00
   1.0941150e+01   3.0861930e+00
   1.0935150e+01   3.0852820e+00
   1.0929170e+01   3.0843720e+00
   1.0923190e+01   3.0834630e+00
   1.0917230e+01   3.0825540e+00
   1.0911270e+01   3.0816460e+00
   1.0905330e+01   3.0807380e+00
   1.0899390e+01   3.0798310e+00
   1.0893460e+01   3.0789250e+00
   1.0887540e+01   3.0780190e+00
   1.0881640e+01   3.0771150e+00
   1.0875740e+01   3.0762100e+00
   1.0869850e+01   3.0753070e+00
   1.0863970e+01   3.0744040e+00
   1.0858100e+01   3.0735010e+00
   1.0852240e+01   3.0726000e+00
   1.0846390e+01   3.0716990e+00
   1.0840540e+01   3.0707980e+00
   1.0834710e+01   3.0698990e+00
   1.0828890e+01   3.0689990e+00
   1.0823070e+01   3.0681010e+00
   1.0817270e+01   3.0672030e+00
   1.0811470e+01   3.0663060e+00
   1.0805690e+01   3.0654090e+00
   1.0799910e+01   3.0645140e+00
   1.0794140e+01   3.0636180e+00
   1.0788380e+01   3.0627240e+00
   1.0782630e+01   3.0618300e+00
   1.0776890e+01   3.0609360e+00
   1.0771160e+01   3.0600440e+00
   1.0765430e+01   3.0591510e+00
   1.0759720e+01   3.0582600e+00
   1.0754010e+01   3.0573690e+00
   1.0748320e+01   3.0564790e+00
   1.0742630e+01   3.0555890e+00
   1.0736950e+01   3.0547000e+00
   1.0731280e+01   3.0538120e+00
   1.0725620e+01   3.0529240e+00
   1.0719970e+01   3.0520370e+00
   1.0714330e+01   3.0511500e+00
   1.0708700e+01   3.0502650e+00
   1.0703070e+01   3.0493790e+00
   1.0697460e+01   3.0484950e+00
   1.0691850e+01   3.0476110e+00
   1.0686250e+01   3.0467270e+00
   1.0680660e+01   3.0458440e+00
   1.0675080e+01   3.0449620e+00
   1.0669510e+01   3.0440800e+00
   1.0663950e+01   3.0431990e+00
   1.0658390e+01   3.0423190e+00
   1.0652840e+01   3.0414390e+00
   1.0647310e+01   3.0405600e+00
   1.0641780e+01   3.0396810e+00
   1.0636260e+01   3.0388030e+00
   1.0630750e+01   3.0379260e+00
   1.0625240e+01   3.0370490e+00
   1.0619750e+01   3.0361730e+00
   1.0614260e+01   3.0352970e+00
   1.0608780e+01   3.0344220e+00
   1.0603320e+01   3.0335480e+00
   1.0597860e+01   3.0326740e+00
   1.0592400e+01   3.0318010e+00
   1.0586960e+01   3.0309280e+00
   1.0581520e+01   3.0300560e+00
   1.0576100e+01   3.0291850e+00
   1.0570680e+01   3.0283140e+00
   1.0565270e+01   3.0274440e+00
   1.0559870e+01   3.0265740e+00
   1.0554470e+01   3.0257050e+00
   1.0549090e+01   3.0248360e+00
   1.0543710e+01   3.0239680e+00
   1.0538340e+01   3.0231010e+00
   1.0532980e+01   3.0222340e+00
   1.0527630e+01   3.0213680e+00
   1.0522290e+01   3.0205020e+00
   1.0516950e+01   3.0196370e+00
   1.0511620e+01   3.0187730e+00
   1.0506300e+01   3.0179090e+00
   1.0500990e+01   3.0170460e+00
   1.0495690e+01   3.0161830e+00
   1.0490390e+01   3.0153210e+00
   1.0485110e+01   3.0144590e+00
   1.0479830e+01   3.0135980e+00
   1.0474560e+01   3.0127370e+00
   1.0469300e+01   3.0118770e+00
   1.0464040e+01   3.0110180e+00
   1.0458790e+01   3.0101590e+00
   1.0453560e+01   3.0093010e+00
   1.0448330e+01   3.0084430e+00
   1.0443100e+01   3.0075860e+00
   1.0437890e+01   3.0067300e+00
   1.0432680e+01   3.0058740e+00
   1.0427480e+01   3.0050180e+00
   1.0422290e+01   3.0041630e+00
   1.0417110e+01   3.0033090e+00
   1.0411930e+01   3.0024550e+00
   1.0406770e+01   3.0016020e+00
   1.0401610e+01   3.0007490e+00
   1.0396460e+01   2.9998970e+00
   1.0391310e+01   2.9990450e+00
   1.0386180e+01   2.9981940e+00
   1.0381050e+01   2.9973430e+00
   1.0375930e+01   2.9964930e+00
   1.0370810e+01   2.9956440e+00
   1.0365710e+01   2.9947950e+00
   1.0360610e+01   2.9939470e+00
   1.0355520e+01   2.9930990e+00
   1.0350440e+01   2.9922520e+00
   1.0345370e+01   2.9914050e+00
   1.0340300e+01   2.9905590e+00
   1.0335240e+01   2.9897130e+00
   1.0330190e+01   2.9888680e+00
   1.0325150e+01   2.9880230e+00
   1.0320110e+01   2.9871790e+00
   1.0315080e+01   2.9863350e+00
   1.0310060e+01   2.9854920e+00
   1.0305050e+01   2.9846500e+00
   1.0300040e+01   2.9838080e+00
   1.0295040e+01   2.9829660e+00
   1.0290050e+01   2.9821250e+00
   1.0285070e+01   2.9812850e+00
   1.0280090e+01   2.9804450e+00
   1.0275120e+01   2.9796060e+00
   1.0270160e+01   2.9787670e+00
   1.0265210e+01   2.9779280e+00
   1.0260260e+01   2.9770900e+00
   1.0255320e+01   2.9762530e+00
   1.0250390e+01   2.9754160e+00
   1.0245470e+01   2.9745800e+00
   1.0240550e+01   2.9737440e+00
   1.0235640e+01   2.9729090e+00
   1.0230740e+01   2.9720740e+00
   1.0225840e+01   2.9712400e+00
   1.0220960e+01   2.9704060e+00
   1.0216080e+01   2.9695730e+00
   1.0211200e+01   2.9687400e+00
   1.0206340e+01   2.9679080e+00
   1.0201480e+01   2.9670760e+00
   1.0196630e+01   2.9662450e+00
   1.0191780e+01   2.9654140e+00
   1.0186950e+01   2.9645840e+00
   1.0182120e+01   2.9637540e+00
   1.0177290e+01   2.9629250e+00
   1.0172480e+01   2.9620960e+00
   1.0167670e+01   2.9612680e+00
   1.0162870e+01   2.9604400e+00
   1.0158080e+01   2.9596130e+00
   1.0153290e+01   2.9587860e+00
   1.0148510e+01   2.9579590e+00
   1.0143740e+01   2.9571340e+00
   1.0138970e+01   2.9563080e+00
   1.0134210e+01   2.9554830e+00
   1.0129460e+01   2.9546590e+00
   1.0124720e+01   2.9538350e+00
   1.0119980e+01   2.9530120e+00
   1.0115250e+01   2.9521890e+00
   1.0110520e+01   2.9513660e+00
   1.0105810e+01   2.9505440e+00
   1.0101100e+01   2.9497230e+00
   1.0096390e+01   2.9489020e+00
   1.0091700e+01   2.9480810e+00
   1.0087010e+01   2.9472610e+00
   1.0082330e+01   2.9464420e+00
   1.0077650e+01   2.9456230e+00
   1.0072980e+01   2.9448040e+00
   1.0068320e+01   2.9439860e+00
   1.0063670e+01   2.9431680e+00
   1.0059020e+01   2.9423510e+00
   1.0054380e+01   2.9415340e+00
   1.0049750e+01   2.9407180e+00
   1.0045120e+01   2.9399020e+00
   1.0040500e+01   2.9390870e+00
   1.0035880e+01   2.9382720e+00
   1.0031280e+01   2.9374570e+00
   1.0026680e+01   2.9366430e+00
   1.0022080e+01   2.9358300e+00
   1.0017500e+01   2.9350170e+00
   1.0012920e+01   2.9342040e+00
   1.0008340e+01   2.9333920e+00
   1.0003780e+01   2.9325800e+00
