   2.4381690e+02   5.0517320e+00
   2.3746030e+02   5.0321270e+00
   2.3142800e+02   5.0136330e+00
   2.2569540e+02   4.9961620e+00
   2.2024040e+02   4.9796360e+00
   2.1504330e+02   4.9639840e+00
   2.1008590e+02   4.9491410e+00
   2.0535200e+02   4.9350490e+00
   2.0082670e+02   4.9216540e+00
   1.9649640e+02   4.9089070e+00
   1.9234880e+02   4.8967630e+00
   1.8837250e+02   4.8851830e+00
   1.8455700e+02   4.8741270e+00
   1.8089290e+02   4.8635630e+00
   1.7737120e+02   4.8534590e+00
   1.7398390e+02   4.8437850e+00
   1.7072330e+02   4.8345150e+00
   1.6758250e+02   4.8256240e+00
   1.6455510e+02   4.8170900e+00
   1.6163490e+02   4.8088920e+00
   1.5881650e+02   4.8010100e+00
   1.5609450e+02   4.7934260e+00
   1.5346420e+02   4.7861230e+00
   1.5092100e+02   4.7790860e+00
   1.4846060e+02   4.7723010e+00
   1.4607910e+02   4.7657530e+00
   1.4377270e+02   4.7594310e+00
   1.4153800e+02   4.7533230e+00
   1.3937170e+02   4.7474180e+00
   1.3727070e+02   4.7417050e+00
   1.3523210e+02   4.7361750e+00
   1.3325310e+02   4.7308190e+00
   1.3133130e+02   4.7256290e+00
   1.2946410e+02   4.7205960e+00
   1.2764930e+02   4.7157140e+00
   1.2588470e+02   4.7109750e+00
   1.2416820e+02   4.7063730e+00
   1.2249800e+02   4.7019020e+00
   1.2087220e+02   4.6975550e+00
   1.1928900e+02   4.6933280e+00
   1.1774680e+02   4.6892150e+00
   1.1624410e+02   4.6852120e+00
   1.1477930e+02   4.6813130e+00
   1.1335100e+02   4.6775140e+00
   1.1195790e+02   4.6738110e+00
   1.1059880e+02   4.6702010e+00
   1.0927230e+02   4.6666790e+00
   1.0797730e+02   4.6632420e+00
   1.0671270e+02   4.6598860e+00
   1.0547760e+02   4.6566090e+00
   1.0427070e+02   4.6534070e+00
   1.0309130e+02   4.6502770e+00
   1.0193840e+02   4.6472180e+00
   1.0081100e+02   4.6442250e+00
   9.9708460e+01   4.6412970e+00
   9.8629840e+01   4.6384310e+00
   9.7574410e+01   4.6356250e+00
   9.6541430e+01   4.6328770e+00
   9.5530190e+01   4.6301840e+00
   9.4540030e+01   4.6275450e+00
   9.3570290e+01   4.6249580e+00
   9.2620340e+01   4.6224210e+00
   9.1689600e+01   4.6199320e+00
   9.0777490e+01   4.6174900e+00
   8.9883460e+01   4.6150920e+00
   8.9006970e+01   4.6127390e+00
   8.8147520e+01   4.6104270e+00
   8.7304630e+01   4.6081560e+00
   8.6477810e+01   4.6059240e+00
   8.5666610e+01   4.6037300e+00
   8.4870610e+01   4.6015730e+00
   8.4089380e+01   4.5994510e+00
   8.3322510e+01   4.5973640e+00
   8.2569610e+01   4.5953100e+00
   8.1830310e+01   4.5932880e+00
   8.1104250e+01   4.5912970e+00
   8.0391070e+01   4.5893370e+00
   7.9690430e+01   4.5874060e+00
   7.9002020e+01   4.5855030e+00
   7.8325520e+01   4.5836280e+00
   7.7660610e+01   4.5817790e+00
   7.7007020e+01   4.5799560e+00
   7.6364440e+01   4.5781580e+00
   7.5732620e+01   4.5763840e+00
   7.5111280e+01   4.5746340e+00
   7.4500170e+01   4.5729070e+00
   7.3899040e+01   4.5712010e+00
   7.3307640e+01   4.5695170e+00
   7.2725750e+01   4.5678540e+00
   7.2153140e+01   4.5662110e+00
   7.1589590e+01   4.5645870e+00
   7.1034890e+01   4.5629820e+00
   7.0488840e+01   4.5613960e+00
   6.9951230e+01   4.5598270e+00
   6.9421870e+01   4.5582760e+00
   6.8900580e+01   4.5567410e+00
   6.8387180e+01   4.5552230e+00
   6.7881480e+01   4.5537210e+00
   6.7383330e+01   4.5522330e+00
   6.6892540e+01   4.5507610e+00
   6.6408970e+01   4.5493030e+00
   6.5932450e+01   4.5478590e+00
   6.5462840e+01   4.5464280e+00
   6.4999980e+01   4.5450110e+00
   6.4543740e+01   4.5436060e+00
   6.4093980e+01   4.5422140e+00
   6.3650550e+01   4.5408330e+00
   6.3213330e+01   4.5394640e+00
   6.2782190e+01   4.5381070e+00
   6.2357000e+01   4.5367600e+00
   6.1937650e+01   4.5354240e+00
   6.1524020e+01   4.5340980e+00
   6.1115980e+01   4.5327820e+00
   6.0713440e+01   4.5314750e+00
   6.0316280e+01   4.5301780e+00
   5.9924400e+01   4.5288900e+00
   5.9537690e+01   4.5276100e+00
   5.9156050e+01   4.5263390e+00
   5.8779390e+01   4.5250760e+00
   5.8407610e+01   4.5238210e+00
   5.8040620e+01   4.5225730e+00
   5.7678320e+01   4.5213330e+00
   5.7320630e+01   4.5201000e+00
   5.6967470e+01   4.5188730e+00
   5.6618740e+01   4.5176540e+00
   5.6274370e+01   4.5164400e+00
   5.5934280e+01   4.5152330e+00
   5.5598390e+01   4.5140320e+00
   5.5266620e+01   4.5128360e+00
   5.4938900e+01   4.5116460e+00
   5.4615160e+01   4.5104610e+00
   5.4295320e+01   4.5092810e+00
   5.3979330e+01   4.5081060e+00
   5.3667100e+01   4.5069360e+00
   5.3358580e+01   4.5057700e+00
   5.3053690e+01   4.5046080e+00
   5.2752390e+01   4.5034510e+00
   5.2454600e+01   4.5022970e+00
   5.2160270e+01   4.5011470e+00
   5.1869340e+01   4.5000010e+00
   5.1581750e+01   4.4988580e+00
   5.1297440e+01   4.4977190e+00
   5.1016360e+01   4.4965820e+00
   5.0738460e+01   4.4954490e+00
   5.0463690e+01   4.4943180e+00
   5.0191990e+01   4.4931900e+00
   4.9923310e+01   4.4920640e+00
   4.9657600e+01   4.4909400e+00
   4.9394820e+01   4.4898190e+00
   4.9134930e+01   4.4887000e+00
   4.8877860e+01   4.4875820e+00
   4.8623590e+01   4.4864660e+00
   4.8372050e+01   4.4853520e+00
   4.8123230e+01   4.4842400e+00
   4.7877060e+01   4.4831290e+00
   4.7633510e+01   4.4820190e+00
   4.7392530e+01   4.4809100e+00
   4.7154100e+01   4.4798020e+00
   4.6918170e+01   4.4786950e+00
   4.6684700e+01   4.4775880e+00
   4.6453650e+01   4.4764830e+00
   4.6224990e+01   4.4753770e+00
   4.5998690e+01   4.4742730e+00
   4.5774700e+01   4.4731680e+00
   4.5552990e+01   4.4720640e+00
   4.5333540e+01   4.4709600e+00
   4.5116300e+01   4.4698560e+00
   4.4901250e+01   4.4687510e+00
   4.4688340e+01   4.4676470e+00
   4.4477570e+01   4.4665420e+00
   4.4268880e+01   4.4654370e+00
   4.4062250e+01   4.4643310e+00
   4.3857650e+01   4.4632250e+00
   4.3655060e+01   4.4621180e+00
   4.3454440e+01   4.4610100e+00
   4.3255770e+01   4.4599020e+00
   4.3059020e+01   4.4587920e+00
   4.2864170e+01   4.4576820e+00
   4.2671170e+01   4.4565700e+00
   4.2480030e+01   4.4554580e+00
   4.2290690e+01   4.4543440e+00
   4.2103150e+01   4.4532290e+00
   4.1917370e+01   4.4521120e+00
   4.1733340e+01   4.4509940e+00
   4.1551030e+01   4.4498750e+00
   4.1370410e+01   4.4487540e+00
   4.1191470e+01   4.4476310e+00
   4.1014180e+01   4.4465070e+00
   4.0838520e+01   4.4453800e+00
   4.0664460e+01   4.4442520e+00
   4.0492000e+01   4.4431220e+00
   4.0321100e+01   4.4419900e+00
   4.0151740e+01   4.4408570e+00
   3.9983910e+01   4.4397210e+00
   3.9817590e+01   4.4385830e+00
   3.9652750e+01   4.4374420e+00
   3.9489380e+01   4.4363000e+00
   3.9327470e+01   4.4351550e+00
   3.9166980e+01   4.4340080e+00
   3.9007900e+01   4.4328590e+00
   3.8850220e+01   4.4317070e+00
   3.8693910e+01   4.4305530e+00
   3.8538970e+01   4.4293960e+00
   3.8385370e+01   4.4282370e+00
   3.8233090e+01   4.4270750e+00
   3.8082130e+01   4.4259110e+00
   3.7932450e+01   4.4247440e+00
   3.7784060e+01   4.4235740e+00
   3.7636930e+01   4.4224020e+00
   3.7491040e+01   4.4212270e+00
   3.7346390e+01   4.4200490e+00
   3.7202950e+01   4.4188680e+00
   3.7060720e+01   4.4176850e+00
   3.6919670e+01   4.4164990e+00
   3.6779800e+01   4.4153100e+00
   3.6641090e+01   4.4141180e+00
   3.6503520e+01   4.4129230e+00
   3.6367090e+01   4.4117250e+00
   3.6231770e+01   4.4105240e+00
   3.6097560e+01   4.4093200e+00
   3.5964440e+01   4.4081130e+00
   3.5832410e+01   4.4069030e+00
   3.5701440e+01   4.4056910e+00
   3.5571520e+01   4.4044750e+00
   3.5442650e+01   4.4032560e+00
   3.5314810e+01   4.4020340e+00
   3.5187990e+01   4.4008090e+00
   3.5062170e+01   4.3995810e+00
   3.4937360e+01   4.3983490e+00
   3.4813520e+01   4.3971150e+00
   3.4690660e+01   4.3958780e+00
   3.4568760e+01   4.3946370e+00
   3.4447820e+01   4.3933930e+00
   3.4327810e+01   4.3921470e+00
   3.4208740e+01   4.3908970e+00
   3.4090580e+01   4.3896440e+00
   3.3973330e+01   4.3883880e+00
   3.3856990e+01   4.3871290e+00
   3.3741530e+01   4.3858660e+00
   3.3626960e+01   4.3846010e+00
   3.3513250e+01   4.3833330e+00
   3.3400400e+01   4.3820610e+00
   3.3288410e+01   4.3807860e+00
   3.3177260e+01   4.3795090e+00
   3.3066940e+01   4.3782280e+00
   3.2957440e+01   4.3769440e+00
   3.2848760e+01   4.3756570e+00
   3.2740890e+01   4.3743670e+00
   3.2633810e+01   4.3730740e+00
   3.2527520e+01   4.3717780e+00
   3.2422010e+01   4.3704790e+00
   3.2317280e+01   4.3691770e+00
   3.2213300e+01   4.3678720e+00
   3.2110090e+01   4.3665640e+00
   3.2007620e+01   4.3652530e+00
   3.1905890e+01   4.3639400e+00
   3.1804900e+01   4.3626230e+00
   3.1704620e+01   4.3613030e+00
   3.1605070e+01   4.3599810e+00
   3.1506220e+01   4.3586560e+00
   3.1408080e+01   4.3573270e+00
   3.1310630e+01   4.3559960e+00
   3.1213870e+01   4.3546630e+00
   3.1117790e+01   4.3533260e+00
   3.1022390e+01   4.3519870e+00
   3.0927650e+01   4.3506450e+00
   3.0833570e+01   4.3493000e+00
   3.0740140e+01   4.3479530e+00
   3.0647360e+01   4.3466030e+00
   3.0555220e+01   4.3452500e+00
   3.0463710e+01   4.3438950e+00
   3.0372830e+01   4.3425370e+00
   3.0282570e+01   4.3411760e+00
   3.0192930e+01   4.3398130e+00
   3.0103890e+01   4.3384480e+00
   3.0015450e+01   4.3370800e+00
   2.9927620e+01   4.3357100e+00
   2.9840370e+01   4.3343370e+00
   2.9753700e+01   4.3329620e+00
   2.9667620e+01   4.3315840e+00
   2.9582110e+01   4.3302040e+00
   2.9497160e+01   4.3288220e+00
   2.9412780e+01   4.3274380e+00
   2.9328950e+01   4.3260510e+00
   2.9245670e+01   4.3246620e+00
   2.9162940e+01   4.3232710e+00
   2.9080750e+01   4.3218780e+00
   2.8999090e+01   4.3204820e+00
   2.8917960e+01   4.3190850e+00
   2.8837360e+01   4.3176850e+00
   2.8757280e+01   4.3162840e+00
   2.8677710e+01   4.3148800e+00
   2.8598650e+01   4.3134750e+00
   2.8520090e+01   4.3120680e+00
   2.8442040e+01   4.3106580e+00
   2.8364480e+01   4.3092470e+00
   2.8287410e+01   4.3078340e+00
   2.8210820e+01   4.3064190e+00
   2.8134720e+01   4.3050030e+00
   2.8059090e+01   4.3035840e+00
   2.7983940e+01   4.3021640e+00
   2.7909250e+01   4.3007430e+00
   2.7835030e+01   4.2993190e+00
   2.7761260e+01   4.2978940e+00
   2.7687950e+01   4.2964680e+00
   2.7615090e+01   4.2950400e+00
   2.7542680e+01   4.2936100e+00
   2.7470710e+01   4.2921790e+00
   2.7399170e+01   4.2907470e+00
   2.7328080e+01   4.2893130e+00
   2.7257410e+01   4.2878770e+00
   2.7187160e+01   4.2864410e+00
   2.7117340e+01   4.2850030e+00
   2.7047940e+01   4.2835640e+00
   2.6978950e+01   4.2821230e+00
   2.6910380e+01   4.2806810e+00
   2.6842200e+01   4.2792390e+00
   2.6774440e+01   4.2777950e+00
   2.6707070e+01   4.2763490e+00
   2.6640100e+01   4.2749030e+00
   2.6573520e+01   4.2734560e+00
   2.6507330e+01   4.2720080e+00
   2.6441530e+01   4.2705580e+00
   2.6376110e+01   4.2691080e+00
   2.6311070e+01   4.2676570e+00
   2.6246400e+01   4.2662050e+00
   2.6182100e+01   4.2647520e+00
   2.6118180e+01   4.2632980e+00
   2.6054620e+01   4.2618440e+00
   2.5991420e+01   4.2603880e+00
   2.5928580e+01   4.2589320e+00
   2.5866100e+01   4.2574750e+00
   2.5803970e+01   4.2560180e+00
   2.5742190e+01   4.2545600e+00
   2.5680760e+01   4.2531010e+00
   2.5619670e+01   4.2516420e+00
   2.5558920e+01   4.2501820e+00
   2.5498510e+01   4.2487210e+00
   2.5438430e+01   4.2472610e+00
   2.5378690e+01   4.2457990e+00
   2.5319280e+01   4.2443370e+00
   2.5260190e+01   4.2428750e+00
   2.5201430e+01   4.2414130e+00
   2.5142980e+01   4.2399500e+00
   2.5084860e+01   4.2384870e+00
   2.5027050e+01   4.2370230e+00
   2.4969560e+01   4.2355590e+00
   2.4912370e+01   4.2340950e+00
   2.4855490e+01   4.2326310e+00
   2.4798920e+01   4.2311670e+00
   2.4742650e+01   4.2297020e+00
   2.4686680e+01   4.2282380e+00
   2.4631010e+01   4.2267730e+00
   2.4575630e+01   4.2253080e+00
   2.4520550e+01   4.2238430e+00
   2.4465760e+01   4.2223780e+00
   2.4411250e+01   4.2209130e+00
   2.4357030e+01   4.2194490e+00
   2.4303090e+01   4.2179840e+00
   2.4249440e+01   4.2165190e+00
   2.4196060e+01   4.2150550e+00
   2.4142960e+01   4.2135900e+00
   2.4090130e+01   4.2121260e+00
   2.4037570e+01   4.2106620e+00
   2.3985290e+01   4.2091980e+00
   2.3933270e+01   4.2077350e+00
   2.3881510e+01   4.2062710e+00
   2.3830020e+01   4.2048080e+00
   2.3778800e+01   4.2033460e+00
   2.3727830e+01   4.2018830e+00
   2.3677110e+01   4.2004210e+00
   2.3626650e+01   4.1989600e+00
   2.3576450e+01   4.1974990e+00
   2.3526490e+01   4.1960380e+00
   2.3476790e+01   4.1945780e+00
   2.3427330e+01   4.1931180e+00
   2.3378120e+01   4.1916580e+00
   2.3329150e+01   4.1902000e+00
   2.3280420e+01   4.1887420e+00
   2.3231930e+01   4.1872840e+00
   2.3183670e+01   4.1858270e+00
   2.3135660e+01   4.1843700e+00
   2.3087870e+01   4.1829150e+00
   2.3040320e+01   4.1814600e+00
   2.2993000e+01   4.1800050e+00
   2.2945910e+01   4.1785510e+00
   2.2899040e+01   4.1770980e+00
   2.2852400e+01   4.1756460e+00
   2.2805980e+01   4.1741950e+00
   2.2759790e+01   4.1727440e+00
   2.2713810e+01   4.1712940e+00
   2.2668050e+01   4.1698450e+00
   2.2622510e+01   4.1683970e+00
   2.2577180e+01   4.1669490e+00
   2.2532070e+01   4.1655030e+00
   2.2487160e+01   4.1640570e+00
   2.2442470e+01   4.1626120e+00
   2.2397990e+01   4.1611680e+00
   2.2353710e+01   4.1597260e+00
   2.2309640e+01   4.1582840e+00
   2.2265770e+01   4.1568430e+00
   2.2222110e+01   4.1554030e+00
   2.2178640e+01   4.1539640e+00
   2.2135380e+01   4.1525260e+00
   2.2092310e+01   4.1510900e+00
   2.2049440e+01   4.1496540e+00
   2.2006760e+01   4.1482190e+00
   2.1964280e+01   4.1467860e+00
   2.1921990e+01   4.1453540e+00
   2.1879890e+01   4.1439230e+00
   2.1837980e+01   4.1424930e+00
   2.1796260e+01   4.1410640e+00
   2.1754720e+01   4.1396360e+00
   2.1713370e+01   4.1382100e+00
   2.1672210e+01   4.1367840e+00
   2.1631220e+01   4.1353600e+00
   2.1590420e+01   4.1339380e+00
   2.1549800e+01   4.1325160e+00
   2.1509360e+01   4.1310960e+00
   2.1469090e+01   4.1296770e+00
   2.1429000e+01   4.1282590e+00
   2.1389090e+01   4.1268430e+00
   2.1349340e+01   4.1254280e+00
   2.1309780e+01   4.1240150e+00
   2.1270380e+01   4.1226020e+00
   2.1231150e+01   4.1211920e+00
   2.1192090e+01   4.1197820e+00
   2.1153200e+01   4.1183740e+00
   2.1114480e+01   4.1169670e+00
   2.1075920e+01   4.1155620e+00
   2.1037530e+01   4.1141580e+00
   2.0999300e+01   4.1127560e+00
   2.0961230e+01   4.1113550e+00
   2.0923320e+01   4.1099560e+00
   2.0885570e+01   4.1085580e+00
   2.0847980e+01   4.1071620e+00
   2.0810550e+01   4.1057670e+00
   2.0773280e+01   4.1043740e+00
   2.0736160e+01   4.1029820e+00
   2.0699190e+01   4.1015920e+00
   2.0662380e+01   4.1002030e+00
   2.0625720e+01   4.0988160e+00
   2.0589210e+01   4.0974300e+00
   2.0552850e+01   4.0960460e+00
   2.0516640e+01   4.0946640e+00
   2.0480580e+01   4.0932830e+00
   2.0444670e+01   4.0919040e+00
   2.0408900e+01   4.0905270e+00
   2.0373280e+01   4.0891510e+00
   2.0337800e+01   4.0877770e+00
   2.0302470e+01   4.0864040e+00
   2.0267270e+01   4.0850340e+00
   2.0232220e+01   4.0836640e+00
   2.0197310e+01   4.0822970e+00
   2.0162540e+01   4.0809310e+00
   2.0127910e+01   4.0795670e+00
   2.0093420e+01   4.0782050e+00
   2.0059060e+01   4.0768440e+00
   2.0024840e+01   4.0754860e+00
   1.9990760e+01   4.0741280e+00
   1.9956810e+01   4.0727730e+00
   1.9922990e+01   4.0714190e+00
   1.9889300e+01   4.0700680e+00
   1.9855750e+01   4.0687180e+00
   1.9822330e+01   4.0673690e+00
   1.9789030e+01   4.0660230e+00
   1.9755870e+01   4.0646780e+00
   1.9722830e+01   4.0633350e+00
   1.9689930e+01   4.0619940e+00
   1.9657150e+01   4.0606550e+00
   1.9624490e+01   4.0593170e+00
   1.9591960e+01   4.0579820e+00
   1.9559550e+01   4.0566480e+00
   1.9527270e+01   4.0553160e+00
   1.9495110e+01   4.0539860e+00
   1.9463080e+01   4.0526580e+00
   1.9431160e+01   4.0513320e+00
   1.9399360e+01   4.0500070e+00
   1.9367690e+01   4.0486850e+00
   1.9336130e+01   4.0473640e+00
   1.9304690e+01   4.0460450e+00
   1.9273370e+01   4.0447280e+00
   1.9242170e+01   4.0434130e+00
   1.9211080e+01   4.0421000e+00
   1.9180100e+01   4.0407890e+00
   1.9149250e+01   4.0394800e+00
   1.9118500e+01   4.0381720e+00
   1.9087870e+01   4.0368670e+00
   1.9057350e+01   4.0355640e+00
   1.9026940e+01   4.0342620e+00
   1.8996650e+01   4.0329630e+00
   1.8966460e+01   4.0316650e+00
   1.8936390e+01   4.0303690e+00
   1.8906420e+01   4.0290750e+00
   1.8876560e+01   4.0277840e+00
   1.8846810e+01   4.0264940e+00
   1.8817170e+01   4.0252060e+00
   1.8787640e+01   4.0239200e+00
   1.8758210e+01   4.0226360e+00
   1.8728880e+01   4.0213540e+00
   1.8699660e+01   4.0200750e+00
   1.8670550e+01   4.0187970e+00
   1.8641530e+01   4.0175210e+00
   1.8612620e+01   4.0162470e+00
   1.8583820e+01   4.0149750e+00
   1.8555110e+01   4.0137050e+00
   1.8526510e+01   4.0124370e+00
   1.8498000e+01   4.0111710e+00
   1.8469600e+01   4.0099070e+00
   1.8441290e+01   4.0086450e+00
   1.8413090e+01   4.0073860e+00
   1.8384980e+01   4.0061280e+00
   1.8356970e+01   4.0048720e+00
   1.8329050e+01   4.0036180e+00
   1.8301240e+01   4.0023660e+00
   1.8273520e+01   4.0011170e+00
   1.8245890e+01   3.9998690e+00
   1.8218360e+01   3.9986230e+00
   1.8190920e+01   3.9973800e+00
   1.8163580e+01   3.9961380e+00
   1.8136330e+01   3.9948990e+00
   1.8109170e+01   3.9936610e+00
   1.8082110e+01   3.9924260e+00
   1.8055130e+01   3.9911930e+00
   1.8028250e+01   3.9899610e+00
   1.8001460e+01   3.9887320e+00
   1.7974760e+01   3.9875050e+00
   1.7948150e+01   3.9862800e+00
   1.7921620e+01   3.9850570e+00
   1.7895190e+01   3.9838360e+00
   1.7868840e+01   3.9826170e+00
   1.7842580e+01   3.9814000e+00
   1.7816410e+01   3.9801850e+00
   1.7790330e+01   3.9789720e+00
   1.7764330e+01   3.9777620e+00
   1.7738420e+01   3.9765530e+00
   1.7712590e+01   3.9753470e+00
   1.7686840e+01   3.9741420e+00
   1.7661190e+01   3.9729400e+00
   1.7635610e+01   3.9717390e+00
   1.7610120e+01   3.9705410e+00
   1.7584710e+01   3.9693450e+00
   1.7559380e+01   3.9681510e+00
   1.7534140e+01   3.9669590e+00
   1.7508980e+01   3.9657690e+00
   1.7483890e+01   3.9645810e+00
   1.7458890e+01   3.9633960e+00
   1.7433970e+01   3.9622120e+00
   1.7409130e+01   3.9610300e+00
   1.7384370e+01   3.9598510e+00
   1.7359690e+01   3.9586730e+00
   1.7335080e+01   3.9574980e+00
   1.7310560e+01   3.9563250e+00
   1.7286110e+01   3.9551530e+00
   1.7261740e+01   3.9539840e+00
   1.7237440e+01   3.9528170e+00
   1.7213230e+01   3.9516520e+00
   1.7189080e+01   3.9504900e+00
   1.7165020e+01   3.9493290e+00
   1.7141030e+01   3.9481700e+00
   1.7117110e+01   3.9470130e+00
   1.7093270e+01   3.9458590e+00
   1.7069510e+01   3.9447060e+00
   1.7045810e+01   3.9435560e+00
   1.7022190e+01   3.9424080e+00
   1.6998650e+01   3.9412610e+00
   1.6975170e+01   3.9401170e+00
   1.6951770e+01   3.9389750e+00
   1.6928440e+01   3.9378350e+00
   1.6905180e+01   3.9366970e+00
   1.6881990e+01   3.9355610e+00
   1.6858880e+01   3.9344280e+00
   1.6835830e+01   3.9332960e+00
   1.6812850e+01   3.9321660e+00
   1.6789950e+01   3.9310390e+00
   1.6767110e+01   3.9299130e+00
   1.6744340e+01   3.9287900e+00
   1.6721640e+01   3.9276690e+00
   1.6699010e+01   3.9265490e+00
   1.6676450e+01   3.9254320e+00
   1.6653950e+01   3.9243170e+00
   1.6631520e+01   3.9232040e+00
   1.6609160e+01   3.9220930e+00
   1.6586870e+01   3.9209840e+00
   1.6564640e+01   3.9198770e+00
   1.6542470e+01   3.9187720e+00
   1.6520380e+01   3.9176700e+00
   1.6498350e+01   3.9165690e+00
   1.6476380e+01   3.9154700e+00
   1.6454480e+01   3.9143740e+00
   1.6432640e+01   3.9132790e+00
   1.6410860e+01   3.9121870e+00
   1.6389150e+01   3.9110960e+00
   1.6367510e+01   3.9100080e+00
   1.6345920e+01   3.9089210e+00
   1.6324400e+01   3.9078370e+00
   1.6302940e+01   3.9067550e+00
   1.6281550e+01   3.9056750e+00
   1.6260210e+01   3.9045970e+00
   1.6238940e+01   3.9035200e+00
   1.6217730e+01   3.9024460e+00
   1.6196580e+01   3.9013740e+00
   1.6175490e+01   3.9003040e+00
   1.6154460e+01   3.8992360e+00
   1.6133490e+01   3.8981700e+00
   1.6112580e+01   3.8971060e+00
   1.6091730e+01   3.8960450e+00
   1.6070940e+01   3.8949850e+00
   1.6050200e+01   3.8939270e+00
   1.6029530e+01   3.8928710e+00
   1.6008920e+01   3.8918170e+00
   1.5988360e+01   3.8907650e+00
   1.5967860e+01   3.8897160e+00
   1.5947420e+01   3.8886680e+00
   1.5927030e+01   3.8876220e+00
   1.5906710e+01   3.8865780e+00
   1.5886440e+01   3.8855360e+00
   1.5866220e+01   3.8844970e+00
   1.5846070e+01   3.8834590e+00
   1.5825960e+01   3.8824230e+00
   1.5805920e+01   3.8813890e+00
   1.5785930e+01   3.8803580e+00
   1.5765990e+01   3.8793280e+00
   1.5746110e+01   3.8783000e+00
   1.5726290e+01   3.8772740e+00
   1.5706520e+01   3.8762510e+00
   1.5686800e+01   3.8752290e+00
   1.5667140e+01   3.8742090e+00
   1.5647530e+01   3.8731910e+00
   1.5627970e+01   3.8721750e+00
   1.5608470e+01   3.8711610e+00
   1.5589020e+01   3.8701490e+00
   1.5569620e+01   3.8691390e+00
   1.5550280e+01   3.8681310e+00
   1.5530990e+01   3.8671250e+00
   1.5511750e+01   3.8661210e+00
   1.5492560e+01   3.8651190e+00
   1.5473420e+01   3.8641190e+00
   1.5454340e+01   3.8631210e+00
   1.5435310e+01   3.8621240e+00
   1.5416320e+01   3.8611300e+00
   1.5397390e+01   3.8601370e+00
   1.5378510e+01   3.8591470e+00
   1.5359680e+01   3.8581580e+00
   1.5340890e+01   3.8571720e+00
   1.5322160e+01   3.8561870e+00
   1.5303480e+01   3.8552050e+00
   1.5284850e+01   3.8542240e+00
   1.5266260e+01   3.8532450e+00
   1.5247730e+01   3.8522680e+00
   1.5229240e+01   3.8512930e+00
   1.5210800e+01   3.8503200e+00
   1.5192410e+01   3.8493490e+00
   1.5174070e+01   3.8483790e+00
   1.5155780e+01   3.8474120e+00
   1.5137530e+01   3.8464460e+00
   1.5119330e+01   3.8454830e+00
   1.5101180e+01   3.8445210e+00
   1.5083080e+01   3.8435610e+00
   1.5065020e+01   3.8426030e+00
   1.5047010e+01   3.8416470e+00
   1.5029040e+01   3.8406930e+00
   1.5011130e+01   3.8397410e+00
   1.4993250e+01   3.8387910e+00
   1.4975430e+01   3.8378420e+00
   1.4957650e+01   3.8368960e+00
   1.4939910e+01   3.8359510e+00
   1.4922220e+01   3.8350080e+00
   1.4904580e+01   3.8340670e+00
   1.4886980e+01   3.8331280e+00
   1.4869420e+01   3.8321910e+00
   1.4851910e+01   3.8312550e+00
   1.4834440e+01   3.8303220e+00
   1.4817020e+01   3.8293900e+00
   1.4799640e+01   3.8284600e+00
   1.4782310e+01   3.8275320e+00
   1.4765010e+01   3.8266060e+00
   1.4747770e+01   3.8256820e+00
   1.4730560e+01   3.8247590e+00
   1.4713400e+01   3.8238380e+00
   1.4696280e+01   3.8229200e+00
   1.4679200e+01   3.8220030e+00
   1.4662170e+01   3.8210870e+00
   1.4645180e+01   3.8201740e+00
   1.4628230e+01   3.8192620e+00
   1.4611320e+01   3.8183530e+00
   1.4594460e+01   3.8174450e+00
   1.4577630e+01   3.8165390e+00
   1.4560850e+01   3.8156340e+00
   1.4544110e+01   3.8147320e+00
   1.4527410e+01   3.8138310e+00
   1.4510750e+01   3.8129320e+00
   1.4494130e+01   3.8120350e+00
   1.4477550e+01   3.8111400e+00
   1.4461020e+01   3.8102460e+00
   1.4444520e+01   3.8093540e+00
   1.4428060e+01   3.8084640e+00
   1.4411650e+01   3.8075760e+00
   1.4395270e+01   3.8066890e+00
   1.4378930e+01   3.8058050e+00
   1.4362630e+01   3.8049220e+00
   1.4346380e+01   3.8040410e+00
   1.4330160e+01   3.8031610e+00
   1.4313980e+01   3.8022840e+00
   1.4297830e+01   3.8014080e+00
   1.4281730e+01   3.8005330e+00
   1.4265670e+01   3.7996610e+00
   1.4249640e+01   3.7987900e+00
   1.4233650e+01   3.7979210e+00
   1.4217710e+01   3.7970540e+00
   1.4201790e+01   3.7961890e+00
   1.4185920e+01   3.7953250e+00
   1.4170080e+01   3.7944630e+00
   1.4154290e+01   3.7936030e+00
   1.4138530e+01   3.7927440e+00
   1.4122800e+01   3.7918870e+00
   1.4107110e+01   3.7910320e+00
   1.4091470e+01   3.7901790e+00
   1.4075850e+01   3.7893270e+00
   1.4060280e+01   3.7884770e+00
   1.4044740e+01   3.7876290e+00
   1.4029230e+01   3.7867820e+00
   1.4013770e+01   3.7859370e+00
   1.3998330e+01   3.7850940e+00
   1.3982940e+01   3.7842520e+00
   1.3967580e+01   3.7834120e+00
   1.3952260e+01   3.7825740e+00
   1.3936970e+01   3.7817380e+00
   1.3921720e+01   3.7809030e+00
   1.3906500e+01   3.7800690e+00
   1.3891320e+01   3.7792380e+00
   1.3876170e+01   3.7784080e+00
   1.3861060e+01   3.7775800e+00
   1.3845980e+01   3.7767530e+00
   1.3830940e+01   3.7759280e+00
   1.3815930e+01   3.7751050e+00
   1.3800950e+01   3.7742840e+00
   1.3786010e+01   3.7734640e+00
   1.3771110e+01   3.7726450e+00
   1.3756240e+01   3.7718290e+00
   1.3741400e+01   3.7710140e+00
   1.3726590e+01   3.7702000e+00
   1.3711820e+01   3.7693880e+00
   1.3697080e+01   3.7685780e+00
   1.3682380e+01   3.7677700e+00
   1.3667710e+01   3.7669630e+00
   1.3653070e+01   3.7661570e+00
   1.3638470e+01   3.7653540e+00
   1.3623900e+01   3.7645520e+00
   1.3609360e+01   3.7637510e+00
   1.3594850e+01   3.7629520e+00
   1.3580380e+01   3.7621550e+00
   1.3565930e+01   3.7613590e+00
   1.3551530e+01   3.7605650e+00
   1.3537150e+01   3.7597720e+00
   1.3522800e+01   3.7589820e+00
   1.3508490e+01   3.7581920e+00
   1.3494210e+01   3.7574040e+00
   1.3479960e+01   3.7566180e+00
   1.3465740e+01   3.7558330e+00
   1.3451550e+01   3.7550500e+00
   1.3437400e+01   3.7542690e+00
   1.3423270e+01   3.7534890e+00
   1.3409180e+01   3.7527100e+00
   1.3395120e+01   3.7519340e+00
   1.3381090e+01   3.7511580e+00
   1.3367090e+01   3.7503850e+00
   1.3353120e+01   3.7496120e+00
   1.3339180e+01   3.7488420e+00
   1.3325270e+01   3.7480720e+00
   1.3311390e+01   3.7473050e+00
   1.3297540e+01   3.7465390e+00
   1.3283720e+01   3.7457740e+00
   1.3269940e+01   3.7450110e+00
   1.3256180e+01   3.7442500e+00
   1.3242450e+01   3.7434900e+00
   1.3228750e+01   3.7427310e+00
   1.3215080e+01   3.7419740e+00
   1.3201440e+01   3.7412190e+00
   1.3187830e+01   3.7404650e+00
   1.3174250e+01   3.7397120e+00
   1.3160700e+01   3.7389610e+00
   1.3147180e+01   3.7382120e+00
   1.3133680e+01   3.7374640e+00
   1.3120220e+01   3.7367180e+00
   1.3106780e+01   3.7359730e+00
   1.3093370e+01   3.7352290e+00
   1.3079990e+01   3.7344870e+00
   1.3066640e+01   3.7337460e+00
   1.3053320e+01   3.7330070e+00
   1.3040030e+01   3.7322700e+00
   1.3026760e+01   3.7315340e+00
   1.3013530e+01   3.7307990e+00
   1.3000320e+01   3.7300660e+00
   1.2987140e+01   3.7293340e+00
   1.2973980e+01   3.7286030e+00
   1.2960860e+01   3.7278750e+00
   1.2947760e+01   3.7271470e+00
   1.2934690e+01   3.7264210e+00
   1.2921640e+01   3.7256970e+00
   1.2908630e+01   3.7249740e+00
   1.2895640e+01   3.7242520e+00
   1.2882680e+01   3.7235320e+00
   1.2869740e+01   3.7228130e+00
   1.2856830e+01   3.7220950e+00
   1.2843950e+01   3.7213790e+00
   1.2831100e+01   3.7206650e+00
   1.2818270e+01   3.7199520e+00
   1.2805470e+01   3.7192400e+00
   1.2792700e+01   3.7185300e+00
   1.2779950e+01   3.7178210e+00
   1.2767230e+01   3.7171130e+00
   1.2754530e+01   3.7164070e+00
   1.2741860e+01   3.7157020e+00
   1.2729220e+01   3.7149990e+00
   1.2716600e+01   3.7142970e+00
   1.2704010e+01   3.7135970e+00
   1.2691450e+01   3.7128970e+00
   1.2678910e+01   3.7122000e+00
   1.2666390e+01   3.7115030e+00
   1.2653910e+01   3.7108080e+00
   1.2641440e+01   3.7101140e+00
   1.2629010e+01   3.7094220e+00
   1.2616590e+01   3.7087310e+00
   1.2604210e+01   3.7080420e+00
   1.2591840e+01   3.7073530e+00
   1.2579510e+01   3.7066670e+00
   1.2567200e+01   3.7059810e+00
   1.2554910e+01   3.7052970e+00
   1.2542650e+01   3.7046140e+00
   1.2530410e+01   3.7039330e+00
   1.2518200e+01   3.7032530e+00
   1.2506010e+01   3.7025740e+00
   1.2493850e+01   3.7018960e+00
   1.2481710e+01   3.7012200e+00
   1.2469590e+01   3.7005450e+00
   1.2457500e+01   3.6998720e+00
   1.2445440e+01   3.6992000e+00
   1.2433390e+01   3.6985290e+00
   1.2421380e+01   3.6978590e+00
   1.2409380e+01   3.6971910e+00
   1.2397410e+01   3.6965240e+00
   1.2385460e+01   3.6958590e+00
   1.2373540e+01   3.6951940e+00
   1.2361640e+01   3.6945320e+00
   1.2349770e+01   3.6938700e+00
   1.2337910e+01   3.6932090e+00
   1.2326090e+01   3.6925500e+00
   1.2314280e+01   3.6918930e+00
   1.2302500e+01   3.6912360e+00
   1.2290740e+01   3.6905810e+00
   1.2279000e+01   3.6899270e+00
   1.2267290e+01   3.6892740e+00
   1.2255600e+01   3.6886230e+00
   1.2243940e+01   3.6879730e+00
   1.2232290e+01   3.6873240e+00
   1.2220670e+01   3.6866760e+00
   1.2209070e+01   3.6860300e+00
   1.2197500e+01   3.6853850e+00
   1.2185940e+01   3.6847410e+00
   1.2174410e+01   3.6840980e+00
   1.2162900e+01   3.6834570e+00
   1.2151420e+01   3.6828170e+00
   1.2139950e+01   3.6821780e+00
   1.2128510e+01   3.6815410e+00
   1.2117090e+01   3.6809040e+00
   1.2105700e+01   3.6802690e+00
   1.2094320e+01   3.6796360e+00
   1.2082970e+01   3.6790030e+00
   1.2071640e+01   3.6783720e+00
   1.2060330e+01   3.6777410e+00
   1.2049040e+01   3.6771120e+00
   1.2037770e+01   3.6764850e+00
   1.2026530e+01   3.6758580e+00
   1.2015310e+01   3.6752330e+00
   1.2004100e+01   3.6746090e+00
   1.1992920e+01   3.6739860e+00
   1.1981760e+01   3.6733640e+00
   1.1970630e+01   3.6727440e+00
   1.1959510e+01   3.6721250e+00
   1.1948410e+01   3.6715070e+00
   1.1937340e+01   3.6708900e+00
   1.1926290e+01   3.6702740e+00
   1.1915260e+01   3.6696590e+00
   1.1904240e+01   3.6690460e+00
   1.1893250e+01   3.6684340e+00
   1.1882280e+01   3.6678230e+00
   1.1871330e+01   3.6672130e+00
   1.1860410e+01   3.6666050e+00
   1.1849500e+01   3.6659970e+00
   1.1838610e+01   3.6653910e+00
   1.1827740e+01   3.6647860e+00
   1.1816900e+01   3.6641820e+00
   1.1806070e+01   3.6635800e+00
   1.1795270e+01   3.6629780e+00
   1.1784480e+01   3.6623780e+00
   1.1773720e+01   3.6617780e+00
   1.1762970e+01   3.6611800e+00
   1.1752240e+01   3.6605830e+00
   1.1741540e+01   3.6599870e+00
   1.1730850e+01   3.6593930e+00
   1.1720190e+01   3.6587990e+00
   1.1709540e+01   3.6582070e+00
   1.1698920e+01   3.6576150e+00
   1.1688310e+01   3.6570250e+00
   1.1677720e+01   3.6564360e+00
   1.1667160e+01   3.6558490e+00
   1.1656610e+01   3.6552620e+00
   1.1646080e+01   3.6546760e+00
   1.1635570e+01   3.6540920e+00
   1.1625080e+01   3.6535080e+00
   1.1614610e+01   3.6529260e+00
   1.1604160e+01   3.6523450e+00
   1.1593730e+01   3.6517650e+00
   1.1583320e+01   3.6511860e+00
   1.1572920e+01   3.6506080e+00
   1.1562550e+01   3.6500310e+00
   1.1552190e+01   3.6494560e+00
   1.1541860e+01   3.6488810e+00
   1.1531540e+01   3.6483080e+00
   1.1521240e+01   3.6477350e+00
   1.1510960e+01   3.6471640e+00
   1.1500700e+01   3.6465940e+00
   1.1490450e+01   3.6460250e+00
   1.1480230e+01   3.6454570e+00
   1.1470020e+01   3.6448900e+00
   1.1459840e+01   3.6443240e+00
   1.1449670e+01   3.6437590e+00
   1.1439520e+01   3.6431960e+00
   1.1429380e+01   3.6426330e+00
   1.1419270e+01   3.6420710e+00
   1.1409170e+01   3.6415110e+00
   1.1399090e+01   3.6409510e+00
   1.1389040e+01   3.6403930e+00
   1.1378990e+01   3.6398360e+00
   1.1368970e+01   3.6392790e+00
   1.1358960e+01   3.6387240e+00
   1.1348980e+01   3.6381700e+00
   1.1339010e+01   3.6376170e+00
   1.1329050e+01   3.6370650e+00
   1.1319120e+01   3.6365140e+00
   1.1309200e+01   3.6359640e+00
   1.1299300e+01   3.6354150e+00
   1.1289420e+01   3.6348670e+00
   1.1279560e+01   3.6343200e+00
   1.1269710e+01   3.6337740e+00
   1.1259880e+01   3.6332290e+00
   1.1250070e+01   3.6326850e+00
   1.1240280e+01   3.6321430e+00
   1.1230500e+01   3.6316010e+00
   1.1220740e+01   3.6310600e+00
   1.1211000e+01   3.6305200e+00
   1.1201270e+01   3.6299810e+00
   1.1191560e+01   3.6294440e+00
   1.1181870e+01   3.6289070e+00
   1.1172200e+01   3.6283710e+00
   1.1162540e+01   3.6278370e+00
   1.1152900e+01   3.6273030e+00
   1.1143280e+01   3.6267700e+00
   1.1133670e+01   3.6262390e+00
   1.1124080e+01   3.6257080e+00
   1.1114510e+01   3.6251780e+00
   1.1104950e+01   3.6246490e+00
   1.1095410e+01   3.6241220e+00
   1.1085890e+01   3.6235950e+00
   1.1076380e+01   3.6230690e+00
   1.1066890e+01   3.6225440e+00
   1.1057420e+01   3.6220200e+00
   1.1047960e+01   3.6214980e+00
   1.1038520e+01   3.6209760e+00
   1.1029100e+01   3.6204550e+00
   1.1019690e+01   3.6199350e+00
   1.1010300e+01   3.6194160e+00
   1.1000920e+01   3.6188980e+00
   1.0991560e+01   3.6183810e+00
   1.0982220e+01   3.6178650e+00
   1.0972890e+01   3.6173500e+00
   1.0963580e+01   3.6168360e+00
   1.0954280e+01   3.6163220e+00
   1.0945010e+01   3.6158100e+00
   1.0935740e+01   3.6152990e+00
   1.0926490e+01   3.6147880e+00
   1.0917260e+01   3.6142790e+00
   1.0908050e+01   3.6137710e+00
   1.0898850e+01   3.6132630e+00
   1.0889660e+01   3.6127560e+00
   1.0880490e+01   3.6122510e+00
   1.0871340e+01   3.6117460e+00
   1.0862200e+01   3.6112420e+00
   1.0853080e+01   3.6107390e+00
   1.0843970e+01   3.6102370e+00
   1.0834880e+01   3.6097360e+00
   1.0825800e+01   3.6092360e+00
   1.0816740e+01   3.6087370e+00
   1.0807700e+01   3.6082390e+00
   1.0798670e+01   3.6077420e+00
   1.0789650e+01   3.6072450e+00
   1.0780650e+01   3.6067500e+00
   1.0771670e+01   3.6062550e+00
   1.0762700e+01   3.6057610e+00
   1.0753750e+01   3.6052690e+00
   1.0744810e+01   3.6047770e+00
   1.0735880e+01   3.6042860e+00
   1.0726970e+01   3.6037960e+00
   1.0718080e+01   3.6033060e+00
   1.0709200e+01   3.6028180e+00
   1.0700340e+01   3.6023310e+00
   1.0691490e+01   3.6018440e+00
   1.0682650e+01   3.6013590e+00
   1.0673830e+01   3.6008740e+00
   1.0665020e+01   3.6003900e+00
   1.0656230e+01   3.5999070e+00
   1.0647460e+01   3.5994250e+00
   1.0638700e+01   3.5989440e+00
   1.0629950e+01   3.5984630e+00
   1.0621220e+01   3.5979840e+00
   1.0612500e+01   3.5975050e+00
   1.0603790e+01   3.5970280e+00
   1.0595100e+01   3.5965510e+00
   1.0586430e+01   3.5960750e+00
   1.0577770e+01   3.5956000e+00
   1.0569120e+01   3.5951260e+00
   1.0560490e+01   3.5946520e+00
   1.0551870e+01   3.5941800e+00
   1.0543270e+01   3.5937080e+00
   1.0534680e+01   3.5932370e+00
   1.0526100e+01   3.5927670e+00
   1.0517540e+01   3.5922980e+00
   1.0508990e+01   3.5918300e+00
   1.0500460e+01   3.5913620e+00
   1.0491940e+01   3.5908960e+00
   1.0483430e+01   3.5904300e+00
   1.0474940e+01   3.5899650e+00
   1.0466460e+01   3.5895010e+00
   1.0458000e+01   3.5890380e+00
   1.0449550e+01   3.5885760e+00
   1.0441110e+01   3.5881140e+00
   1.0432690e+01   3.5876530e+00
   1.0424280e+01   3.5871930e+00
   1.0415880e+01   3.5867340e+00
   1.0407500e+01   3.5862760e+00
   1.0399130e+01   3.5858190e+00
   1.0390780e+01   3.5853620e+00
   1.0382440e+01   3.5849060e+00
   1.0374110e+01   3.5844510e+00
   1.0365790e+01   3.5839970e+00
   1.0357490e+01   3.5835440e+00
   1.0349200e+01   3.5830910e+00
   1.0340930e+01   3.5826400e+00
   1.0332670e+01   3.5821890e+00
   1.0324420e+01   3.5817390e+00
   1.0316190e+01   3.5812890e+00
   1.0307960e+01   3.5808410e+00
   1.0299760e+01   3.5803930e+00
   1.0291560e+01   3.5799460e+00
   1.0283380e+01   3.5795000e+00
   1.0275210e+01   3.5790550e+00
   1.0267050e+01   3.5786110e+00
   1.0258910e+01   3.5781670e+00
   1.0250780e+01   3.5777240e+00
   1.0242660e+01   3.5772820e+00
   1.0234560e+01   3.5768410e+00
   1.0226470e+01   3.5764000e+00
   1.0218390e+01   3.5759600e+00
   1.0210320e+01   3.5755210e+00
   1.0202270e+01   3.5750830e+00
   1.0194230e+01   3.5746460e+00
   1.0186200e+01   3.5742090e+00
   1.0178190e+01   3.5737730e+00
   1.0170190e+01   3.5733380e+00
   1.0162200e+01   3.5729040e+00
   1.0154220e+01   3.5724700e+00
   1.0146250e+01   3.5720370e+00
   1.0138300e+01   3.5716050e+00
   1.0130360e+01   3.5711740e+00
   1.0122440e+01   3.5707440e+00
   1.0114520e+01   3.5703140e+00
   1.0106620e+01   3.5698850e+00
   1.0098730e+01   3.5694570e+00
   1.0090850e+01   3.5690290e+00
   1.0082990e+01   3.5686020e+00
   1.0075140e+01   3.5681760e+00
   1.0067300e+01   3.5677510e+00
   1.0059470e+01   3.5673270e+00
   1.0051650e+01   3.5669030e+00
   1.0043850e+01   3.5664800e+00
   1.0036060e+01   3.5660580e+00
   1.0028280e+01   3.5656360e+00
   1.0020510e+01   3.5652150e+00
   1.0012750e+01   3.5647950e+00
   1.0005010e+01   3.5643760e+00
   9.9972800e+00   3.5639580e+00
