   0.0000000e+00   4.5840389e+03   5.0908293e+03   1.2333333e+00   8.3425185e+03   8.6365597e+03   6.2000000e+10   0.0000000e+00   6.5000000e+09   0.0000000e+00  -2.6000000e+09   0.0000000e+00   8.2500000e+09   0.0000000e+00   2.5025000e+11   7.0500000e+10   7.4200000e+10   8.6950000e+10
   1.0000000e-04   4.5253863e+03   4.9564587e+03   1.1995868e+00   8.3381586e+03   8.5290623e+03   5.8128000e+10  -1.4216300e-02   6.1762500e+09  -8.5043700e-04  -2.5412000e+09   1.7367500e-03   7.4048500e+09  -2.8028050e-02   2.4405915e+11   6.8707450e+10   7.3756300e+10   8.2420550e+10
   2.0000000e-04   4.4689490e+03   4.8323102e+03   1.1692269e+00   8.3338500e+03   8.4297580e+03   5.4674500e+10  -2.5152100e-02   5.8762000e+09  -1.6182400e-03  -2.4877000e+09   3.2750000e-03   6.6824500e+09  -5.0692250e-02   2.3840905e+11   6.7004400e+10   7.3316500e+10   7.8343350e+10
   3.0000000e-04   4.4145944e+03   4.7171375e+03   1.1417616e+00   8.3295749e+03   8.3375598e+03   5.1575500e+10  -3.3531100e-02   5.5975000e+09  -2.3122400e-03  -2.4386000e+09   4.6442500e-03   6.0600000e+09  -6.9097650e-02   2.3322250e+11   6.5384400e+10   7.2880800e+10   7.4653400e+10
   4.0000000e-04   4.3621936e+03   4.6098991e+03   1.1167937e+00   8.3253514e+03   8.2515757e+03   4.8780000e+10  -3.9901900e-02   5.3383000e+09  -2.9401900e-03  -2.3933500e+09   5.8684500e-03   5.5200750e+09  -8.4091050e-02   2.2843692e+11   6.3841400e+10   7.2449350e+10   7.1297675e+10
   5.0000000e-04   4.3116312e+03   4.5097155e+03   1.0939943e+00   8.3211794e+03   8.1710582e+03   4.6245000e+10  -4.4684000e-02   5.0966000e+09  -3.5088900e-03  -2.3514000e+09   6.9672600e-03   5.0484250e+09  -9.6328000e-02   2.2400058e+11   6.2370000e+10   7.2022100e+10   6.8232425e+10
   6.0000000e-04   4.2628014e+03   4.4158450e+03   1.0730932e+00   8.3170591e+03   8.0953916e+03   4.3937500e+10  -4.8204400e-02   4.8711000e+09  -4.0243300e-03  -2.3123000e+09   7.9570100e-03   4.6343500e+09  -1.0632280e-01   2.1987115e+11   6.0965300e+10   7.1599200e+10   6.5421450e+10
   7.0000000e-04   4.2156069e+03   4.3276405e+03   1.0538581e+00   8.3129726e+03   8.0240301e+03   4.1827500e+10  -5.0716000e-02   4.6602500e+09  -4.4918000e-03  -2.2757500e+09   8.8512900e-03   4.2686250e+09  -1.1448100e-01   2.1601188e+11   5.9622850e+10   7.1180750e+10   6.2834025e+10
   8.0000000e-04   4.1699586e+03   4.2445582e+03   1.0360996e+00   8.3089200e+03   7.9565381e+03   3.9891500e+10  -5.2420100e-02   4.4628000e+09  -4.9159900e-03  -2.2414500e+09   9.6616000e-03   3.9442000e+09  -1.2112695e-01   2.1239330e+11   5.8338600e+10   7.0766650e+10   6.0444600e+10
   9.0000000e-04   4.1257723e+03   4.1661148e+03   1.0196520e+00   8.3049193e+03   7.8925156e+03   3.8109000e+10  -5.3473900e-02   4.2777000e+09  -5.3010700e-03  -2.2091500e+09   1.0397700e-02   3.6550000e+09  -1.2652005e-01   2.0898900e+11   5.7108800e+10   7.0356850e+10   5.8231100e+10
   1.0000000e-03   4.0829714e+03   4.0918898e+03   1.0043733e+00   8.3009704e+03   7.8316270e+03   3.6463000e+10  -5.4005000e-02   4.1038500e+09  -5.6507200e-03  -2.1786000e+09   1.1067800e-02   3.3961500e+09  -1.3087150e-01   2.0577685e+11   5.5930050e+10   6.9951500e+10   5.6174650e+10
   1.1000000e-03   4.0414838e+03   4.0215135e+03   9.9014174e-01   8.2970557e+03   7.7735753e+03   3.4938000e+10  -5.4115000e-02   3.9404000e+09  -5.9682600e-03  -2.1496500e+09   1.1679100e-02   3.1634750e+09  -1.3435250e-01   2.0273752e+11   5.4799200e+10   6.9550450e+10   5.4258975e+10
   1.2000000e-03   4.0012461e+03   3.9546733e+03   9.7685636e-01   8.2931750e+03   7.7181203e+03   3.3521000e+10  -5.3887000e-02   3.7865500e+09  -6.2566400e-03  -2.1221500e+09   1.2237800e-02   2.9537250e+09  -1.3710450e-01   1.9985528e+11   5.3713450e+10   6.9153750e+10   5.2470325e+10
   1.3000000e-03   3.9621909e+03   3.8910747e+03   9.6442472e-01   8.2893464e+03   7.6650260e+03   3.2203000e+10  -5.3385000e-02   3.6416000e+09  -6.5184900e-03  -2.0960000e+09   1.2749200e-02   2.7639500e+09  -1.3924250e-01   1.9711505e+11   5.2670000e+10   6.8761300e+10   5.0796250e+10
   1.4000000e-03   3.9242663e+03   3.8304646e+03   9.5276538e-01   8.2855520e+03   7.6140978e+03   3.0972000e+10  -5.2664000e-02   3.5047500e+09  -6.7561900e-03  -2.0710000e+09   1.3218100e-02   2.5916000e+09  -1.4086300e-01   1.9450440e+11   5.1666550e+10   6.8373100e+10   4.9226100e+10
   1.5000000e-03   3.8874152e+03   3.7726119e+03   9.4180806e-01   8.2817919e+03   7.5651610e+03   2.9821000e+10  -5.1770000e-02   3.3755500e+09  -6.9718700e-03  -2.0470500e+09   1.3648400e-02   2.4347750e+09  -1.4204600e-01   1.9201222e+11   5.0700750e+10   6.7989150e+10   4.7750375e+10
   1.6000000e-03   3.8515892e+03   3.7173156e+03   9.3149162e-01   8.2780661e+03   7.5180568e+03   2.8742000e+10  -5.0738000e-02   3.2533500e+09  -7.1674400e-03  -2.0241500e+09   1.4043800e-02   2.2914500e+09  -1.4285900e-01   1.8962855e+11   4.9770550e+10   6.7609250e+10   4.6360850e+10
   1.7000000e-03   3.8167429e+03   3.6643945e+03   9.2176165e-01   8.2743746e+03   7.4726541e+03   2.7729500e+10  -4.9596000e-02   3.1376500e+09  -7.3446300e-03  -2.0021000e+09   1.4407400e-02   2.1604250e+09  -1.4335700e-01   1.8734508e+11   4.8874050e+10   6.7233500e+10   4.5050225e+10
   1.8000000e-03   3.7828285e+03   3.6136766e+03   9.1256807e-01   8.2707356e+03   7.4288177e+03   2.6776500e+10  -4.8372000e-02   3.0280500e+09  -7.5050100e-03  -1.9809000e+09   1.4742200e-02   2.0400000e+09  -1.4358800e-01   1.8515350e+11   4.8009350e+10   6.6861800e+10   4.3811800e+10
   1.9000000e-03   3.7498097e+03   3.5650199e+03   9.0386890e-01   8.2671310e+03   7.3864494e+03   2.5879000e+10  -4.7083000e-02   2.9241000e+09  -7.6500000e-03  -1.9605000e+09   1.5050500e-02   1.9294250e+09  -1.4359250e-01   1.8304758e+11   4.7174900e+10   6.6494100e+10   4.2639925e+10
   2.0000000e-03   3.7176423e+03   3.5182820e+03   8.9562477e-01   8.2635428e+03   7.3454382e+03   2.5032000e+10  -4.5748000e-02   2.8254000e+09  -7.7808600e-03  -1.9408500e+09   1.5334700e-02   1.8274250e+09  -1.4340400e-01   1.8102058e+11   4.6369000e+10   6.6130350e+10   4.1529225e+10
