0.001 0 224.158 83.6961 85.7138 0 0 0 83.6961 224.158 85.7138 0 0 0 85.7138 85.7138 213.777 0 0 0 0 0 0 65.5969 0 0 0 0 0 0 65.5969 0 0 0 0 0 0 70.2309
0.001 0.0001 219.767 86.1096 85.1697 -6.74397e-14 1.05139e-13 -2.3125e-11 86.1096 219.767 85.1697 3.28115e-14 -5.94194e-14 2.80104e-11 85.1697 85.1697 213.461 -9.52544e-15 1.25764e-14 1.34328e-12 -6.74397e-14 3.28115e-14 -9.52544e-15 63.8914 -8.75048e-13 -2.19275e-14 1.05139e-13 -5.94194e-14 1.25764e-14 -8.75048e-13 63.8914 6.1356e-14 -2.3125e-11 2.80104e-11 1.34328e-12 -2.19275e-14 6.1356e-14 66.8285
0.001 0.0002 215.702 88.2213 84.6326 -1.26731e-13 1.97253e-13 -4.18889e-11 88.2213 215.702 84.6326 5.96605e-14 -1.087e-13 5.11487e-11 84.6326 84.6326 213.149 -1.84496e-14 2.43589e-14 2.54606e-12 -1.26731e-13 5.96605e-14 -1.84496e-14 62.2723 -1.66252e-12 -4.07685e-14 1.97253e-13 -1.087e-13 2.43589e-14 -1.66252e-12 62.2723 1.14076e-13 -4.18889e-11 5.11487e-11 2.54606e-12 -4.07685e-14 1.14076e-13 63.7404
0.001 0.0003 211.923 90.0726 84.1022 -1.79065e-13 2.78272e-13 -5.71544e-11 90.0726 211.923 84.1022 8.15686e-14 -1.49547e-13 7.03465e-11 84.1022 84.1022 212.841 -2.68192e-14 3.54093e-14 3.62725e-12 -1.79065e-13 8.15686e-14 -2.68192e-14 60.7332 -2.37204e-12 -5.70072e-14 2.78272e-13 -1.49547e-13 3.54093e-14 -2.37204e-12 60.7332 1.59514e-13 -5.71544e-11 7.03465e-11 3.62725e-12 -5.70072e-14 1.59514e-13 60.9252
0.001 0.0004 208.394 91.6979 83.5786 -2.25423e-13 3.49779e-13 -6.95922e-11 91.6979 208.394 83.5786 9.93624e-14 -1.83342e-13 8.63314e-11 83.5786 83.5786 212.536 -3.46766e-14 4.57833e-14 4.60255e-12 -2.25423e-13 9.93624e-14 -3.46766e-14 59.2684 -3.01199e-12 -7.10387e-14 3.49779e-13 -1.83342e-13 4.57833e-14 -3.01199e-12 59.2684 1.98776e-13 -6.95922e-11 8.63314e-11 4.60255e-12 -7.10387e-14 1.98776e-13 58.3481
0.001 0.0005 205.086 93.1259 83.0615 -2.66616e-13 4.13086e-13 -7.97285e-11 93.1259 205.086 83.0615 1.13716e-13 -2.11213e-13 9.96775e-11 83.0615 83.0615 212.235 -4.20598e-14 5.55314e-14 5.48512e-12 -2.66616e-13 1.13716e-13 -4.20598e-14 57.8726 -3.58974e-12 -8.31883e-14 4.13086e-13 -2.11213e-13 5.55314e-14 -3.58974e-12 57.8726 2.32772e-13 -7.97285e-11 9.96775e-11 5.48512e-12 -8.31883e-14 2.32772e-13 55.9802
0.001 0.0006 201.975 94.381 82.5508 -3.03325e-13 4.69289e-13 -8.79802e-11 94.381 201.975 82.5508 1.25182e-13 -2.34088e-13 1.10842e-10 82.5508 82.5508 211.937 -4.90035e-14 6.46991e-14 6.28606e-12 -3.03325e-13 1.25182e-13 -4.90035e-14 56.541 -4.11174e-12 -9.37255e-14 4.69289e-13 -2.34088e-13 6.46991e-14 -4.11174e-12 56.541 2.62256e-13 -8.79802e-11 1.10842e-10 6.28606e-12 -9.37255e-14 2.62256e-13 53.797
0.001 0.0007 199.039 95.4836 82.0465 -3.3612e-13 5.19305e-13 -9.46801e-11 95.4836 199.039 82.0465 1.34218e-13 -2.52735e-13 1.20192e-10 82.0465 82.0465 211.643 -5.55393e-14 7.33282e-14 7.01478e-12 -3.3612e-13 1.34218e-13 -5.55393e-14 55.2693 -4.58367e-12 -1.02875e-13 5.19305e-13 -2.52735e-13 7.33282e-14 -4.58367e-12 55.2693 2.87858e-13 -9.46801e-11 1.20192e-10 7.01478e-12 -1.02875e-13 2.87858e-13 51.7777
0.001 0.0008 196.26 96.4514 81.5484 -3.65484e-13 5.63912e-13 -1.00096e-10 96.4514 196.26 81.5484 1.41202e-13 -2.67793e-13 1.28026e-10 81.5484 81.5484 211.353 -6.16956e-14 8.14564e-14 7.67933e-12 -3.65484e-13 1.41202e-13 -6.16956e-14 54.0536 -5.01056e-12 -1.10825e-13 5.63912e-13 -2.67793e-13 8.14564e-14 -5.01056e-12 54.0536 3.10104e-13 -1.00096e-10 1.28026e-10 7.67933e-12 -1.10825e-13 3.10104e-13 49.9044
0.001 0.0009 193.624 97.2994 81.0563 -3.91829e-13 6.03767e-13 -1.04445e-10 97.2994 193.624 81.0563 1.46451e-13 -2.79796e-13 1.34584e-10 81.0563 81.0563 211.065 -6.74988e-14 8.91183e-14 8.28665e-12 -3.91829e-13 1.46451e-13 -6.74988e-14 52.8902 -5.39684e-12 -1.17735e-13 6.03767e-13 -2.79796e-13 8.91183e-14 -5.39684e-12 52.8902 3.2944e-13 -1.04445e-10 1.34584e-10 8.28665e-12 -1.17735e-13 3.2944e-13 48.162
0.001 0.001 191.115 98.0408 80.5703 -4.15506e-13 6.39436e-13 -1.07905e-10 98.0408 191.115 80.5703 1.50229e-13 -2.89193e-13 1.40065e-10 80.5703 80.5703 210.782 -7.29726e-14 9.63453e-14 8.8427e-12 -4.15506e-13 1.50229e-13 -7.29726e-14 51.7758 -5.74647e-12 -1.23741e-13 6.39436e-13 -2.89193e-13 9.63453e-14 -5.74647e-12 51.7758 3.46242e-13 -1.07905e-10 1.40065e-10 8.8427e-12 -1.23741e-13 3.46242e-13 46.5372
0.001 0.0011 188.724 98.6868 80.0901 -4.36817e-13 6.71402e-13 -1.10619e-10 98.6868 188.724 80.0901 1.52759e-13 -2.96362e-13 1.44634e-10 80.0901 80.0901 210.501 -7.81389e-14 1.03166e-13 9.3527e-12 -4.36817e-13 1.52759e-13 -7.81389e-14 50.7074 -6.06293e-12 -1.28955e-13 6.71402e-13 -2.96362e-13 1.03166e-13 -6.06293e-12 50.7074 3.60834e-13 -1.10619e-10 1.44634e-10 9.3527e-12 -1.28955e-13 3.60834e-13 45.0184
0.001 0.0012 186.438 99.2472 79.6156 -4.56024e-13 7.00082e-13 -1.12708e-10 99.2472 186.438 79.6156 1.5423e-13 -3.01625e-13 1.48427e-10 79.6156 79.6156 210.223 -8.3018e-14 1.09608e-13 9.82118e-12 -4.56024e-13 1.5423e-13 -8.3018e-14 49.6822 -6.34936e-12 -1.33478e-13 7.00082e-13 -3.01625e-13 1.09608e-13 -6.34936e-12 49.6822 3.7349e-13 -1.12708e-10 1.48427e-10 9.82118e-12 -1.33478e-13 3.7349e-13 43.5956
0.001 0.0013 184.251 99.7307 79.1468 -4.73354e-13 7.25837e-13 -1.14271e-10 99.7307 184.251 79.1468 1.54801e-13 -3.05253e-13 1.51558e-10 79.1468 79.1468 209.949 -8.76281e-14 1.15695e-13 1.02521e-11 -4.73354e-13 1.54801e-13 -8.76281e-14 48.6976 -6.60856e-12 -1.37393e-13 7.25837e-13 -3.05253e-13 1.15695e-13 -6.60856e-12 48.6976 3.84445e-13 -1.14271e-10 1.51558e-10 1.02521e-11 -1.37393e-13 3.84445e-13 42.26
0.001 0.0014 182.153 100.145 78.6836 -4.89004e-13 7.48981e-13 -1.1539e-10 100.145 182.153 78.6836 1.54608e-13 -3.0748e-13 1.5412e-10 78.6836 78.6836 209.677 -9.19863e-14 1.21449e-13 1.0649e-11 -4.89004e-13 1.54608e-13 -9.19863e-14 47.7513 -6.843e-12 -1.40774e-13 7.48981e-13 -3.0748e-13 1.21449e-13 -6.843e-12 47.7513 3.93905e-13 -1.1539e-10 1.5412e-10 1.0649e-11 -1.40774e-13 3.93905e-13 41.0038
0.001 0.0015 180.137 100.497 78.2259 -5.03146e-13 7.69789e-13 -1.16134e-10 100.497 180.137 78.2259 1.53766e-13 -3.08505e-13 1.56196e-10 78.2259 78.2259 209.409 -9.61083e-14 1.26891e-13 1.10149e-11 -5.03146e-13 1.53766e-13 -9.61083e-14 46.8411 -7.05494e-12 -1.43683e-13 7.69789e-13 -3.08505e-13 1.26891e-13 -7.05494e-12 46.8411 4.02045e-13 -1.16134e-10 1.56196e-10 1.10149e-11 -1.43683e-13 4.02045e-13 39.8202
0.001 0.0016 178.197 100.792 77.7735 -5.15933e-13 7.88501e-13 -1.16562e-10 100.792 178.197 77.7735 1.52375e-13 -3.08497e-13 1.57852e-10 77.7735 77.7735 209.144 -1.00009e-13 1.32041e-13 1.13527e-11 -5.15933e-13 1.52375e-13 -1.00009e-13 45.965 -7.24638e-12 -1.46176e-13 7.88501e-13 -3.08497e-13 1.32041e-13 -7.24638e-12 45.965 4.09019e-13 -1.16562e-10 1.57852e-10 1.13527e-11 -1.46176e-13 4.09019e-13 38.7029
0.001 0.0017 176.329 101.035 77.3263 -5.27497e-13 8.05327e-13 -1.16721e-10 101.035 176.329 77.3263 1.50519e-13 -3.07605e-13 1.59146e-10 77.3263 77.3263 208.881 -1.037e-13 1.36915e-13 1.16646e-11 -5.27497e-13 1.50519e-13 -1.037e-13 45.121 -7.41913e-12 -1.48299e-13 8.05327e-13 -3.07605e-13 1.36915e-13 -7.41913e-12 45.121 4.14961e-13 -1.16721e-10 1.59146e-10 1.16646e-11 -1.48299e-13 4.14961e-13 37.6466
0.001 0.0018 174.525 101.232 76.8844 -5.37956e-13 8.20455e-13 -1.16654e-10 101.232 174.525 76.8844 1.4827e-13 -3.05955e-13 1.60127e-10 76.8844 76.8844 208.621 -1.07196e-13 1.41531e-13 1.1953e-11 -5.37956e-13 1.4827e-13 -1.07196e-13 44.3074 -7.57482e-12 -1.50095e-13 8.20455e-13 -3.05955e-13 1.41531e-13 -7.57482e-12 44.3074 4.19986e-13 -1.16654e-10 1.60127e-10 1.1953e-11 -1.50095e-13 4.19986e-13 36.6465
0.001 0.0019 172.783 101.386 76.4475 -5.47415e-13 8.34049e-13 -1.16394e-10 101.386 172.783 76.4475 1.45692e-13 -3.03656e-13 1.60837e-10 76.4475 76.4475 208.364 -1.10508e-13 1.45903e-13 1.22198e-11 -5.47415e-13 1.45692e-13 -1.10508e-13 43.5227 -7.71493e-12 -1.516e-13 8.34049e-13 -3.03656e-13 1.45903e-13 -7.71493e-12 43.5227 4.24197e-13 -1.16394e-10 1.60837e-10 1.22198e-11 -1.516e-13 4.24197e-13 35.6981
0.001 0.002 171.097 101.502 76.0157 -5.55966e-13 8.46254e-13 -1.15972e-10 101.502 171.097 76.0157 1.42839e-13 -3.00804e-13 1.61313e-10 76.0157 76.0157 208.11 -1.13645e-13 1.50045e-13 1.24666e-11 -5.55966e-13 1.42839e-13 -1.13645e-13 42.7652 -7.84078e-12 -1.52846e-13 8.46254e-13 -3.00804e-13 1.50045e-13 -7.84078e-12 42.7652 4.27684e-13 -1.15972e-10 1.61313e-10 1.24666e-11 -1.52846e-13 4.27684e-13 34.7976
