0.01 0 134.096 45.878 45.878 0 0 0 45.878 134.096 45.878 0 0 0 45.878 45.878 134.096 0 0 0 0 0 0 44.109 0 0 0 0 0 0 44.109 0 0 0 0 0 0 44.109
0.01 0.0002 133.135 45.8256 45.6275 -6.54617e-17 -2.86626e-16 8.84124e-14 45.8256 133.135 45.6275 2.18367e-16 1.96914e-17 -1.93798e-14 45.6275 45.6275 133.95 3.77827e-17 -6.59666e-17 1.70582e-14 -6.54617e-17 2.18367e-16 3.77827e-17 43.8613 -7.76031e-15 -3.03301e-17 -2.86626e-16 1.96914e-17 -6.59666e-17 -7.76031e-15 43.8613 -3.81426e-17 8.84124e-14 -1.93798e-14 1.70582e-14 -3.03301e-17 -3.81426e-17 43.6546
0.01 0.0004 132.189 45.7696 45.3799 -1.28166e-16 -5.65459e-16 1.73551e-13 45.7696 132.189 45.3799 4.30567e-16 3.75438e-17 -3.76592e-14 45.3799 45.3799 133.805 7.4723e-17 -1.30462e-16 3.35797e-14 -1.28166e-16 4.30567e-16 7.4723e-17 43.6164 -1.53478e-14 -5.97065e-17 -5.65459e-16 3.75438e-17 -1.30462e-16 -1.53478e-14 43.6164 -7.50858e-17 1.73551e-13 -3.76592e-14 3.35797e-14 -5.97065e-17 -7.50858e-17 43.2096
0.01 0.0006 131.257 45.7103 45.1349 -1.88232e-16 -8.36747e-16 2.55555e-13 45.7103 131.257 45.1349 6.36802e-16 5.36569e-17 -5.4898e-14 45.1349 45.1349 133.662 1.10842e-16 -1.93524e-16 4.95837e-14 -1.88232e-16 6.36802e-16 1.10842e-16 43.3742 -2.27667e-14 -8.81636e-17 -8.36747e-16 5.36569e-17 -1.93524e-16 -2.27667e-14 43.3742 -1.10873e-16 2.55555e-13 -5.4898e-14 4.95837e-14 -8.81636e-17 -1.10873e-16 42.7735
0.01 0.0008 130.34 45.6477 44.8927 -2.45772e-16 -1.10073e-15 3.34555e-13 45.6477 130.34 44.8927 8.37268e-16 6.81246e-17 -7.11522e-14 44.8927 44.8927 133.52 1.4616e-16 -2.55188e-16 6.50889e-14 -2.45772e-16 8.37268e-16 1.4616e-16 43.1347 -3.00213e-14 -1.15734e-16 -1.10073e-15 6.81246e-17 -2.55188e-16 -3.00213e-14 43.1347 -1.45545e-16 3.34555e-13 -7.11522e-14 6.50889e-14 -1.15734e-16 -1.45545e-16 42.3461
0.01 0.001 129.436 45.582 44.6532 -3.00893e-16 -1.35763e-15 4.10675e-13 45.582 129.436 44.6532 1.03215e-15 8.1036e-17 -8.64744e-14 44.6532 44.6532 133.379 1.80697e-16 -3.15487e-16 8.01129e-14 -3.00893e-16 1.03215e-15 1.80697e-16 42.8978 -3.71155e-14 -1.4245e-16 -1.35763e-15 8.1036e-17 -3.15487e-16 -3.71155e-14 42.8978 -1.79142e-16 4.10675e-13 -8.64744e-14 8.01129e-14 -1.4245e-16 -1.79142e-16 41.9271
0.01 0.0012 128.546 45.5134 44.4163 -3.53698e-16 -1.60768e-15 4.84033e-13 45.5134 128.546 44.4163 1.22163e-15 9.24752e-17 -1.00914e-13 44.4163 44.4163 133.239 2.14471e-16 -3.74457e-16 9.46728e-14 -3.53698e-16 1.22163e-15 2.14471e-16 42.6635 -4.40535e-14 -1.68341e-16 -1.60768e-15 9.24752e-17 -3.74457e-16 -4.40535e-14 42.6635 -2.11702e-16 4.84033e-13 -1.00914e-13 9.46728e-14 -1.68341e-16 -2.11702e-16 41.5164
0.01 0.0014 127.669 45.4421 44.1819 -4.04283e-16 -1.85108e-15 5.54743e-13 45.4421 127.669 44.1819 1.40589e-15 1.02522e-16 -1.14519e-13 44.1819 44.1819 133.101 2.47503e-16 -4.32128e-16 1.08785e-13 -4.04283e-16 1.40589e-15 2.47503e-16 42.4318 -5.08388e-14 -1.93436e-16 -1.85108e-15 1.02522e-16 -4.32128e-16 -5.08388e-14 42.4318 -2.43261e-16 5.54743e-13 -1.14519e-13 1.08785e-13 -1.93436e-16 -2.43261e-16 41.1137
0.01 0.0016 126.806 45.3682 43.9501 -4.52742e-16 -2.08803e-15 6.22912e-13 45.3682 126.806 43.9501 1.58508e-15 1.11252e-16 -1.27332e-13 43.9501 43.9501 132.964 2.79809e-16 -4.88534e-16 1.22464e-13 -4.52742e-16 1.58508e-15 2.79809e-16 42.2025 -5.74754e-14 -2.17763e-16 -2.08803e-15 1.11252e-16 -4.88534e-16 -5.74754e-14 42.2025 -2.73854e-16 6.22912e-13 -1.27332e-13 1.22464e-13 -2.17763e-16 -2.73854e-16 40.7187
0.01 0.0018 125.954 45.2919 43.7208 -4.99162e-16 -2.31874e-15 6.88641e-13 45.2919 125.954 43.7208 1.75937e-15 1.18737e-16 -1.39396e-13 43.7208 43.7208 132.829 3.11408e-16 -5.43704e-16 1.35727e-13 -4.99162e-16 1.75937e-15 3.11408e-16 41.9757 -6.39668e-14 -2.41348e-16 -2.31874e-15 1.18737e-16 -5.43704e-16 -6.39668e-14 41.9757 -3.03514e-16 6.88641e-13 -1.39396e-13 1.35727e-13 -2.41348e-16 -3.03514e-16 40.3312
0.01 0.002 125.115 45.2132 43.494 -5.43628e-16 -2.5434e-15 7.52028e-13 45.2132 125.115 43.494 1.92891e-15 1.25045e-16 -1.50749e-13 43.494 43.494 132.694 3.42316e-16 -5.97669e-16 1.48586e-13 -5.43628e-16 1.92891e-15 3.42316e-16 41.7514 -7.03164e-14 -2.64216e-16 -2.5434e-15 1.25045e-16 -5.97669e-16 -7.03164e-14 41.7514 -3.32274e-16 7.52028e-13 -1.50749e-13 1.48586e-13 -2.64216e-16 -3.32274e-16 39.951
0.01 0.0022 124.288 45.1322 43.2695 -5.8622e-16 -2.76217e-15 8.13165e-13 45.1322 124.288 43.2695 2.09384e-15 1.3024e-16 -1.61429e-13 43.2695 43.2695 132.561 3.72551e-16 -6.50458e-16 1.61055e-13 -5.8622e-16 2.09384e-15 3.72551e-16 41.5294 -7.65278e-14 -2.86393e-16 -2.76217e-15 1.3024e-16 -6.50458e-16 -7.65278e-14 41.5294 -3.60163e-16 8.13165e-13 -1.61429e-13 1.61055e-13 -2.86393e-16 -3.60163e-16 39.5779
0.01 0.0024 123.473 45.0492 43.0475 -6.27015e-16 -2.97525e-15 8.72141e-13 45.0492 123.473 43.0475 2.25432e-15 1.34382e-16 -1.7147e-13 43.0475 43.0475 132.429 4.02128e-16 -7.02098e-16 1.73149e-13 -6.27015e-16 2.25432e-15 4.02128e-16 41.3098 -8.26042e-14 -3.07901e-16 -2.97525e-15 1.34382e-16 -7.02098e-16 -8.26042e-14 41.3098 -3.87211e-16 8.72141e-13 -1.7147e-13 1.73149e-13 -3.07901e-16 -3.87211e-16 39.2117
0.01 0.0026 122.669 44.9643 42.8277 -6.66086e-16 -3.1828e-15 9.29039e-13 44.9643 122.669 42.8277 2.41048e-15 1.3753e-16 -1.80905e-13 42.8277 42.8277 132.298 4.31063e-16 -7.52618e-16 1.84879e-13 -6.66086e-16 2.41048e-15 4.31063e-16 41.0924 -8.85488e-14 -3.28763e-16 -3.1828e-15 1.3753e-16 -7.52618e-16 -8.85488e-14 41.0924 -4.13446e-16 9.29039e-13 -1.80905e-13 1.84879e-13 -3.28763e-16 -4.13446e-16 38.8522
0.01 0.0028 121.876 44.8774 42.6103 -7.03503e-16 -3.38497e-15 9.8394e-13 44.8774 121.876 42.6103 2.56244e-15 1.39738e-16 -1.89766e-13 42.6103 42.6103 132.169 4.59371e-16 -8.02043e-16 1.96257e-13 -7.03503e-16 2.56244e-15 4.59371e-16 40.8774 -9.43648e-14 -3.49e-16 -3.38497e-15 1.39738e-16 -8.02043e-16 -9.43648e-14 40.8774 -4.38896e-16 9.8394e-13 -1.89766e-13 1.96257e-13 -3.49e-16 -4.38896e-16 38.4993
0.01 0.003 121.094 44.7888 42.3952 -7.39333e-16 -3.58194e-15 1.03692e-12 44.7888 121.094 42.3952 2.71034e-15 1.41059e-16 -1.98082e-13 42.3952 42.3952 132.04 4.87068e-16 -8.50401e-16 2.07296e-13 -7.39333e-16 2.71034e-15 4.87068e-16 40.6646 -1.00055e-13 -3.68633e-16 -3.58194e-15 1.41059e-16 -8.50401e-16 -1.00055e-13 40.6646 -4.63587e-16 1.03692e-12 -1.98082e-13 2.07296e-13 -3.68633e-16 -4.63587e-16 38.1527
0.01 0.0032 120.323 44.6986 42.1823 -7.73638e-16 -3.77384e-15 1.08805e-12 44.6986 120.323 42.1823 2.85429e-15 1.41541e-16 -2.05881e-13 42.1823 42.1823 131.913 5.14167e-16 -8.97715e-16 2.18006e-13 -7.73638e-16 2.85429e-15 5.14167e-16 40.454 -1.05623e-13 -3.87683e-16 -3.77384e-15 1.41541e-16 -8.97715e-16 -1.05623e-13 40.454 -4.87542e-16 1.08805e-12 -2.05881e-13 2.18006e-13 -3.87683e-16 -4.87542e-16 37.8123
0.01 0.0034 119.563 44.6067 41.9715 -8.06481e-16 -3.96083e-15 1.13741e-12 44.6067 119.563 41.9715 2.99442e-15 1.41232e-16 -2.13189e-13 41.9715 41.9715 131.786 5.40682e-16 -9.44011e-16 2.28398e-13 -8.06481e-16 2.99442e-15 5.40682e-16 40.2456 -1.11071e-13 -4.06167e-16 -3.96083e-15 1.41232e-16 -9.44011e-16 -1.11071e-13 40.2456 -5.10788e-16 1.13741e-12 -2.13189e-13 2.28398e-13 -4.06167e-16 -5.10788e-16 37.4779
0.01 0.0036 118.812 44.5134 41.763 -8.3792e-16 -4.14304e-15 1.18505e-12 44.5134 118.812 41.763 3.13084e-15 1.40175e-16 -2.20031e-13 41.763 41.763 131.661 5.66628e-16 -9.89312e-16 2.38482e-13 -8.3792e-16 3.13084e-15 5.66628e-16 40.0393 -1.16402e-13 -4.24104e-16 -4.14304e-15 1.40175e-16 -9.89312e-16 -1.16402e-13 40.0393 -5.33345e-16 1.18505e-12 -2.20031e-13 2.38482e-13 -4.24104e-16 -5.33345e-16 37.1494
0.01 0.0038 118.072 44.4187 41.5565 -8.68009e-16 -4.32062e-15 1.23105e-12 44.4187 118.072 41.5565 3.26366e-15 1.38414e-16 -2.26431e-13 41.5565 41.5565 131.537 5.92017e-16 -1.03364e-15 2.48269e-13 -8.68009e-16 3.26366e-15 5.92017e-16 39.8351 -1.21619e-13 -4.41512e-16 -4.32062e-15 1.38414e-16 -1.03364e-15 -1.21619e-13 39.8351 -5.55237e-16 1.23105e-12 -2.26431e-13 2.48269e-13 -4.41512e-16 -5.55237e-16 36.8266
0.01 0.004 117.341 44.3227 41.3522 -8.96802e-16 -4.49369e-15 1.27546e-12 44.3227 117.341 41.3522 3.39298e-15 1.35987e-16 -2.32411e-13 41.3522 41.3522 131.413 6.16863e-16 -1.07702e-15 2.57768e-13 -8.96802e-16 3.39298e-15 6.16863e-16 39.633 -1.26724e-13 -4.58408e-16 -4.49369e-15 1.35987e-16 -1.07702e-15 -1.26724e-13 39.633 -5.76486e-16 1.27546e-12 -2.32411e-13 2.57768e-13 -4.58408e-16 -5.76486e-16 36.5093
