0.001 0 225.469 83.3341 86.1439 0 0 0 83.3341 225.469 86.1439 0 0 0 86.1439 86.1439 215.665 0 0 0 0 0 0 65.4651 0 0 0 0 0 0 65.4651 0 0 0 0 0 0 71.0674
0.001 0.0001 225.169 82.5626 85.8487 -2.6253e-16 3.65833e-19 3.88357e-12 82.5626 223.344 85.3456 -7.23009e-16 1.00751e-18 1.06954e-11 85.8487 85.3456 215.347 -2.71648e-16 3.78553e-19 4.01844e-12 -2.6253e-16 -7.23009e-16 -2.71648e-16 62.1694 8.04013e-14 3.95297e-16 3.65833e-19 1.00751e-18 3.78553e-19 8.04013e-14 65.4585 -1.28621e-21 3.88357e-12 1.06954e-11 4.01844e-12 3.95297e-16 -1.28621e-21 67.3742
0.001 0.0002 224.875 81.8056 85.5589 -4.95228e-16 7.24764e-19 7.31451e-12 81.8056 221.259 84.5623 -1.36386e-15 1.99602e-18 2.01442e-11 85.5589 84.5623 215.034 -5.12427e-16 7.49965e-19 7.56854e-12 -4.95228e-16 -1.36386e-15 -5.12427e-16 59.1897 1.5308e-13 7.15518e-16 7.24764e-19 1.99602e-18 7.49965e-19 1.5308e-13 65.452 -2.44509e-21 7.31451e-12 2.01442e-11 7.56854e-12 7.15518e-16 -2.44509e-21 64.0458
0.001 0.0003 224.586 81.0625 85.2744 -7.02311e-16 1.07699e-18 1.03586e-11 81.0625 219.213 83.7934 -1.93416e-15 2.96604e-18 2.85275e-11 85.2744 83.7934 214.727 -7.26702e-16 1.11443e-18 1.07183e-11 -7.02311e-16 -1.93416e-15 -7.26702e-16 56.4825 2.19096e-13 9.75974e-16 1.07699e-18 2.96604e-18 1.11443e-18 2.19096e-13 65.4454 -3.49463e-21 1.03586e-11 2.85275e-11 1.07183e-11 9.75974e-16 -3.49463e-21 61.0309
0.001 0.0004 224.302 80.3331 84.9949 -8.87254e-16 1.42268e-18 1.30696e-11 80.3331 217.204 83.0386 -2.44349e-15 3.91808e-18 3.59936e-11 84.9949 83.0386 214.425 -9.18067e-16 1.47215e-18 1.35235e-11 -8.87254e-16 -2.44349e-15 -9.18067e-16 54.0121 2.79323e-13 1.18844e-15 1.42268e-18 3.91808e-18 1.47215e-18 2.79323e-13 65.4389 -4.44957e-21 1.30696e-11 3.59936e-11 1.35235e-11 1.18844e-15 -4.44957e-21 58.287
0.001 0.0005 224.022 79.6169 84.7205 -1.05294e-15 1.76203e-18 1.54922e-11 79.6169 215.232 82.2976 -2.89979e-15 4.85264e-18 4.26652e-11 84.7205 82.2976 214.129 -1.08951e-15 1.82329e-18 1.60302e-11 -1.05294e-15 -2.89979e-15 -1.08951e-15 51.7488 3.3449e-13 1.36206e-15 1.76203e-18 4.85264e-18 1.82329e-18 3.3449e-13 65.4323 -5.32213e-21 1.54922e-11 4.26652e-11 1.60302e-11 1.36206e-15 -5.32213e-21 55.7792
0.001 0.0006 223.747 78.9136 84.4509 -1.2018e-15 2.0952e-18 1.76634e-11 78.9136 213.295 81.5698 -3.30974e-15 5.77018e-18 4.86446e-11 84.4509 81.5698 213.837 -1.24354e-15 2.16805e-18 1.82768e-11 -1.2018e-15 -3.30974e-15 -1.24354e-15 49.6675 3.85206e-13 1.50402e-15 2.0952e-18 5.77018e-18 2.16805e-18 3.85206e-13 65.4258 -6.1225e-21 1.76634e-11 4.86446e-11 1.82768e-11 1.50402e-15 -6.1225e-21 53.4783
0.001 0.0007 223.477 78.2228 84.186 -1.33587e-15 2.42235e-18 1.96144e-11 78.2228 211.393 80.8551 -3.67896e-15 6.67116e-18 5.40176e-11 84.186 80.8551 213.55 -1.38227e-15 2.50658e-18 2.02956e-11 -1.33587e-15 -3.67896e-15 -1.38227e-15 47.7472 4.31987e-13 1.62003e-15 2.42235e-18 6.67116e-18 2.50658e-18 4.31987e-13 65.4192 -6.85926e-21 1.96144e-11 5.40176e-11 2.02956e-11 1.62003e-15 -6.85926e-21 51.3597
0.001 0.0008 223.211 77.5442 83.9257 -1.45689e-15 2.74366e-18 2.13717e-11 77.5442 209.524 80.153 -4.01223e-15 7.55603e-18 5.8857e-11 83.9257 80.153 213.268 -1.50748e-15 2.83906e-18 2.21139e-11 -1.45689e-15 -4.01223e-15 -1.50748e-15 45.9698 4.75275e-13 1.71461e-15 2.74366e-18 7.55603e-18 2.83906e-18 4.75275e-13 65.4127 -7.53968e-21 2.13717e-11 5.8857e-11 2.21139e-11 1.71461e-15 -7.53968e-21 49.4026
0.001 0.0009 222.95 76.8776 83.6699 -1.56633e-15 3.05927e-18 2.29577e-11 76.8776 207.688 79.4631 -4.31363e-15 8.4252e-18 6.32246e-11 83.6699 79.4631 212.991 -1.62073e-15 3.16565e-18 2.37549e-11 -1.56633e-15 -4.31363e-15 -1.62073e-15 44.32 5.15443e-13 1.79145e-15 3.05927e-18 8.4252e-18 3.16565e-18 5.15443e-13 65.4062 -8.16996e-21 2.29577e-11 6.32246e-11 2.37549e-11 1.79145e-15 -8.16996e-21 47.5892
0.001 0.001 222.693 76.2225 83.4184 -1.66548e-15 3.36933e-18 2.43916e-11 76.2225 205.884 78.7853 -4.58667e-15 9.27908e-18 6.71735e-11 83.4184 78.7853 212.718 -1.72332e-15 3.48649e-18 2.52387e-11 -1.66548e-15 -4.58667e-15 -1.72332e-15 42.7845 5.52818e-13 1.8535e-15 3.36933e-18 9.27908e-18 3.48649e-18 5.52818e-13 65.3996 -8.75544e-21 2.43916e-11 6.71735e-11 2.52387e-11 1.8535e-15 -8.75544e-21 45.9041
0.001 0.0011 222.44 75.5787 83.1711 -1.75544e-15 3.67398e-18 2.56901e-11 75.5787 204.111 78.1191 -4.8344e-15 1.01181e-17 7.07494e-11 83.1711 78.1191 212.45 -1.8164e-15 3.80173e-18 2.65823e-11 -1.75544e-15 -4.8344e-15 -1.8164e-15 41.3519 5.87678e-13 1.90319e-15 3.67398e-18 1.01181e-17 3.80173e-18 5.87678e-13 65.3931 -9.3007e-21 2.56901e-11 7.07494e-11 2.65823e-11 1.90319e-15 -9.3007e-21 44.3344
0.001 0.0012 222.19 74.9459 82.928 -1.83716e-15 3.97336e-18 2.68676e-11 74.9459 202.368 77.4644 -5.05944e-15 1.09425e-17 7.39919e-11 82.928 77.4644 212.185 -1.90096e-15 4.11153e-18 2.78006e-11 -1.83716e-15 -5.05944e-15 -1.90096e-15 40.012 6.2027e-13 1.94251e-15 3.97336e-18 1.09425e-17 4.11153e-18 6.2027e-13 65.3865 -9.80975e-21 2.68676e-11 7.39919e-11 2.78006e-11 1.94251e-15 -9.80975e-21 42.8684
0.001 0.0013 221.945 74.3238 82.6889 -1.91148e-15 4.26761e-18 2.79364e-11 74.3238 200.655 76.8206 -5.2641e-15 1.17529e-17 7.69353e-11 82.6889 76.8206 211.925 -1.97786e-15 4.41601e-18 2.89066e-11 -1.91148e-15 -5.2641e-15 -1.97786e-15 38.7563 6.50805e-13 1.9731e-15 4.26761e-18 1.17529e-17 4.41601e-18 6.50805e-13 65.38 -1.0286e-20 2.79364e-11 7.69353e-11 2.89066e-11 1.9731e-15 -1.0286e-20 41.4963
0.001 0.0014 221.704 73.7121 82.4538 -1.97912e-15 4.55686e-18 2.89076e-11 73.7121 198.971 76.1878 -5.45039e-15 1.25494e-17 7.96097e-11 82.4538 76.1878 211.669 -2.04785e-15 4.71532e-18 2.99115e-11 -1.97912e-15 -5.45039e-15 -2.04785e-15 37.577 6.79473e-13 1.99632e-15 4.55686e-18 1.25494e-17 4.71532e-18 6.79473e-13 65.3735 -1.07326e-20 2.89076e-11 7.96097e-11 2.99115e-11 1.99632e-15 -1.07326e-20 40.2093
0.001 0.0015 221.466 73.1106 82.2224 -2.04074e-15 4.84123e-18 2.97906e-11 73.1106 197.314 75.5654 -5.62007e-15 1.33326e-17 8.20414e-11 82.2224 75.5654 211.417 -2.11161e-15 5.00958e-18 3.08252e-11 -2.04074e-15 -5.62007e-15 -2.11161e-15 36.4674 7.06438e-13 2.01331e-15 4.84123e-18 1.33326e-17 5.00958e-18 7.06438e-13 65.3669 -1.11522e-20 2.97906e-11 8.20414e-11 3.08252e-11 2.01331e-15 -1.11522e-20 38.9997
0.001 0.0016 221.232 72.5191 81.9948 -2.0969e-15 5.12083e-18 3.0594e-11 72.5191 195.685 74.9533 -5.77472e-15 1.41026e-17 8.42538e-11 81.9948 74.9533 211.169 -2.16972e-15 5.29891e-18 3.16565e-11 -2.0969e-15 -5.77472e-15 -2.16972e-15 35.4214 7.31847e-13 2.02502e-15 5.12083e-18 1.41026e-17 5.29891e-18 7.31847e-13 65.3604 -1.15472e-20 3.0594e-11 8.42538e-11 3.16565e-11 2.02502e-15 -1.15472e-20 37.8608
0.001 0.0017 221.001 71.9372 81.7709 -2.1481e-15 5.3958e-18 3.13252e-11 71.9372 194.083 74.3512 -5.91571e-15 1.48598e-17 8.62673e-11 81.7709 74.3512 210.925 -2.2227e-15 5.58344e-18 3.24131e-11 -2.1481e-15 -5.91571e-15 -2.2227e-15 34.4337 7.5583e-13 2.03224e-15 5.3958e-18 1.48598e-17 5.58344e-18 7.5583e-13 65.3539 -1.19195e-20 3.13252e-11 8.62673e-11 3.24131e-11 2.03224e-15 -1.19195e-20 36.7865
0.001 0.0018 220.774 71.3648 81.5504 -2.19479e-15 5.66624e-18 3.19908e-11 71.3648 192.507 73.759 -6.04428e-15 1.56045e-17 8.81001e-11 81.5504 73.759 210.684 -2.27101e-15 5.86328e-18 3.31017e-11 -2.19479e-15 -6.04428e-15 -2.27101e-15 33.4997 7.78504e-13 2.03565e-15 5.66624e-18 1.56045e-17 5.86328e-18 7.78504e-13 65.3473 -1.22712e-20 3.19908e-11 8.81001e-11 3.31017e-11 2.03565e-15 -1.22712e-20 35.7715
0.001 0.0019 220.55 70.8016 81.3335 -2.23737e-15 5.93226e-18 3.25966e-11 70.8016 190.956 73.1762 -6.16153e-15 1.63371e-17 8.97684e-11 81.3335 73.1762 210.447 -2.31507e-15 6.13855e-18 3.37286e-11 -2.23737e-15 -6.16153e-15 -2.31507e-15 32.6149 7.99971e-13 2.03582e-15 5.93226e-18 1.63371e-17 6.13855e-18 7.99971e-13 65.3408 -1.26039e-20 3.25966e-11 8.97684e-11 3.37286e-11 2.03582e-15 -1.26039e-20 34.811
0.001 0.002 220.33 70.2474 81.1199 -2.27619e-15 6.19396e-18 3.3148e-11 70.2474 189.43 72.6028 -6.26843e-15 1.70578e-17 9.12866e-11 81.1199 72.6028 210.214 -2.35524e-15 6.40936e-18 3.42991e-11 -2.27619e-15 -6.26843e-15 -2.35524e-15 31.7757 8.20326e-13 2.03324e-15 6.19396e-18 1.70578e-17 6.40936e-18 8.20326e-13 65.3343 -1.2919e-20 3.3148e-11 9.12866e-11 3.42991e-11 2.03324e-15 -1.2919e-20 33.9007
