0.001 0 226.3 84.5 81.5 0.4 3.4 0.3 84.5 218.5 82.9 -1.8 1.2 0.3 81.5 82.9 208 -1.3 6.1 0.2 0.4 -1.8 -1.3 64.9 -0.1 -1.9 3.4 1.2 6.1 -0.1 68.7 0.3 0.3 0.3 0.2 -1.9 0.3 66.6
0.001 0.0001 225.991 83.7412 81.2124 0.386203 3.39534 0.284563 83.7412 216.5 82.1533 -1.69375 1.18919 0.279923 81.2124 82.1533 207.703 -1.22869 6.09476 0.187221 0.386203 -1.69375 -1.22869 61.6452 -0.0944899 -1.71454 3.39534 1.18919 6.09476 -0.0944899 68.6928 0.284818 0.284563 0.279923 0.187221 -1.71454 0.284818 63.2676
0.001 0.0002 225.688 82.9961 80.93 0.373582 3.39075 0.270577 82.9961 214.536 81.4203 -1.59796 1.1786 0.262071 80.93 81.4203 207.412 -1.16432 6.08961 0.175855 0.373582 -1.59796 -1.16432 58.7016 -0.0895444 -1.55496 3.39075 1.1786 6.08961 -0.0895444 68.6856 0.271097 0.270577 0.262071 0.175855 -1.55496 0.271097 60.253
0.001 0.0003 225.389 82.2644 80.6525 0.361985 3.38624 0.25785 82.2644 212.608 80.7006 -1.51118 1.16821 0.246103 80.6525 80.7006 207.125 -1.10593 6.08454 0.165686 0.361985 -1.51118 -1.10593 56.0264 -0.0850814 -1.41668 3.38624 1.16821 6.08454 -0.0850814 68.6784 0.258634 0.25785 0.246103 0.165686 -1.41668 0.258634 57.5127
0.001 0.0004 225.096 81.5457 80.3798 0.351283 3.38181 0.246218 81.5457 210.715 79.9939 -1.43223 1.15803 0.231744 80.3798 79.9939 206.844 -1.05274 6.07955 0.156538 0.351283 -1.43223 -1.05274 53.5845 -0.081034 -1.29605 3.38181 1.15803 6.07955 -0.081034 68.6712 0.247264 0.246218 0.231744 0.156538 -1.29605 0.247264 55.011
0.001 0.0005 224.808 80.8396 80.1119 0.34137 3.37744 0.235548 80.8396 208.855 79.2997 -1.36012 1.14804 0.218768 80.1119 79.2997 206.567 -1.00409 6.07464 0.148268 0.34137 -1.36012 -1.00409 51.3467 -0.077347 -1.19021 3.37744 1.14804 6.07464 -0.077347 68.664 0.23685 0.235548 0.218768 0.148268 -1.19021 0.23685 52.718
0.001 0.0006 224.524 80.1458 79.8485 0.332155 3.37314 0.225727 80.1458 207.027 78.6178 -1.294 1.13823 0.206992 79.8485 78.6178 206.295 -0.95942 6.06981 0.140758 0.332155 -1.294 -0.95942 49.2884 -0.0739746 -1.09682 3.37314 1.13823 6.06981 -0.0739746 68.6568 0.227276 0.225727 0.206992 0.140758 -1.09682 0.227276 50.6086
0.001 0.0007 224.244 79.4641 79.5896 0.323562 3.36891 0.216657 79.4641 205.232 77.9478 -1.2332 1.1286 0.19626 79.5896 77.9478 206.027 -0.918279 6.06504 0.133911 0.323562 -1.2332 -0.918279 47.3889 -0.0708783 -1.014 3.36891 1.1286 6.06504 -0.0708783 68.6496 0.218443 0.216657 0.19626 0.133911 -1.014 0.218443 48.6616
0.001 0.0008 223.97 78.7941 79.3351 0.315526 3.36474 0.208256 78.7941 203.467 77.2894 -1.17709 1.11915 0.186444 79.3351 77.2894 205.764 -0.880266 6.06034 0.127644 0.315526 -1.17709 -0.880266 45.6304 -0.0680259 -0.940226 3.36474 1.11915 6.06034 -0.0680259 68.6424 0.21027 0.208256 0.186444 0.127644 -0.940226 0.21027 46.8589
0.001 0.0009 223.699 78.1354 79.0848 0.307988 3.36064 0.200453 78.1354 201.733 76.6423 -1.12519 1.10986 0.177435 79.0848 76.6423 205.505 -0.845044 6.05571 0.121889 0.307988 -1.12519 -0.845044 43.9978 -0.0653896 -0.874219 3.36064 1.10986 6.05571 -0.0653896 68.6353 0.202684 0.200453 0.177435 0.121889 -0.874219 0.202684 45.185
0.001 0.001 223.433 77.4879 78.8386 0.300902 3.35659 0.193188 77.4879 200.028 76.0062 -1.07703 1.10074 0.16914 78.8386 76.0062 205.25 -0.81232 6.05114 0.116586 0.300902 -1.07703 -0.81232 42.478 -0.062946 -0.814927 3.35659 1.10074 6.05114 -0.062946 68.6281 0.195626 0.193188 0.16914 0.116586 -0.814927 0.195626 43.6267
0.001 0.0011 223.171 76.8512 78.5965 0.294223 3.35261 0.186408 76.8512 198.352 75.3808 -1.03225 1.09178 0.161481 78.5965 75.3808 204.999 -0.781842 6.04663 0.111686 0.294223 -1.03225 -0.781842 41.0597 -0.0606749 -0.761469 3.35261 1.09178 6.04663 -0.0606749 68.621 0.18904 0.186408 0.161481 0.111686 -0.761469 0.18904 42.1722
0.001 0.0012 222.913 76.2251 78.3584 0.287914 3.34868 0.180065 76.2251 196.703 74.7658 -0.990513 1.08297 0.15439 78.3584 74.7658 204.752 -0.753392 6.04218 0.107146 0.287914 -0.990513 -0.753392 39.7331 -0.0585586 -0.713104 3.34868 1.08297 6.04218 -0.0585586 68.6138 0.182883 0.180065 0.15439 0.107146 -0.713104 0.182883 40.8117
0.001 0.0013 222.659 75.6093 78.124 0.281943 3.34481 0.174119 75.6093 195.082 74.161 -0.951526 1.07431 0.147808 78.124 74.161 204.508 -0.726775 6.03779 0.102927 0.281943 -0.951526 -0.726775 38.4896 -0.0565819 -0.669205 3.34481 1.07431 6.03779 -0.0565819 68.6067 0.177112 0.174119 0.147808 0.102927 -0.669205 0.177112 39.5362
0.001 0.0014 222.408 75.0035 77.8935 0.276281 3.34099 0.168535 75.0035 193.487 73.5661 -0.915037 1.0658 0.141683 77.8935 73.5661 204.269 -0.701825 6.03346 0.0989991 0.276281 -0.915037 -0.701825 37.3216 -0.0547316 -0.629238 3.34099 1.0658 6.03346 -0.0547316 68.5995 0.171693 0.168535 0.141683 0.0989991 -0.629238 0.171693 38.3381
0.001 0.0015 222.162 74.4075 77.6665 0.270902 3.33722 0.163281 74.4075 191.919 72.9809 -0.880821 1.05742 0.135973 77.6665 72.9809 204.033 -0.678392 6.02918 0.0953327 0.270902 -0.880821 -0.678392 36.2223 -0.052996 -0.592748 3.33722 1.05742 6.02918 -0.052996 68.5924 0.166595 0.163281 0.135973 0.0953327 -0.592748 0.166595 37.2104
0.001 0.0016 221.919 73.8212 77.4432 0.265784 3.33351 0.158328 73.8212 190.375 72.4052 -0.848679 1.04919 0.130636 77.4432 72.4052 203.801 -0.656344 6.02495 0.0919035 0.265784 -0.848679 -0.656344 35.1861 -0.0513648 -0.559342 3.33351 1.04919 6.02495 -0.0513648 68.5852 0.16179 0.158328 0.130636 0.0919035 -0.559342 0.16179 36.1473
0.001 0.0017 221.68 73.2441 77.2233 0.260905 3.32985 0.153652 73.2441 188.856 71.8386 -0.818437 1.04109 0.125641 77.2233 71.8386 203.572 -0.635566 6.02078 0.0886897 0.260905 -0.818437 -0.635566 34.2074 -0.0498288 -0.528683 3.32985 1.04109 6.02078 -0.0498288 68.5781 0.157253 0.153652 0.125641 0.0886897 -0.528683 0.157253 35.1431
0.001 0.0018 221.444 72.6762 77.0068 0.256248 3.32624 0.149231 72.6762 187.362 71.2811 -0.789936 1.03312 0.120955 77.0068 71.2811 203.346 -0.615952 6.01666 0.0856723 0.256248 -0.789936 -0.615952 33.2818 -0.0483801 -0.500477 3.32624 1.03312 6.01666 -0.0483801 68.571 0.152963 0.149231 0.120955 0.0856723 -0.500477 0.152963 34.1933
0.001 0.0019 221.211 72.1172 76.7936 0.251796 3.32267 0.145045 72.1172 185.891 70.7323 -0.763037 1.02528 0.116552 76.7936 70.7323 203.124 -0.597409 6.01258 0.0828342 0.251796 -0.763037 -0.597409 32.4049 -0.0470114 -0.47447 3.32267 1.02528 6.01258 -0.0470114 68.5639 0.148899 0.145045 0.116552 0.0828342 -0.47447 0.148899 33.2935
0.001 0.002 220.982 71.5669 76.5837 0.247535 3.31915 0.141075 71.5669 184.442 70.1921 -0.737613 1.01756 0.112408 76.5837 70.1921 202.905 -0.579855 6.00855 0.0801604 0.247535 -0.737613 -0.579855 31.573 -0.0457164 -0.450438 3.31915 1.01756 6.00855 -0.0457164 68.5567 0.145045 0.141075 0.112408 0.0801604 -0.450438 0.145045 32.4398
