0.01 0 320.5 68.1 71.6 0 0 0 68.1 196.5 76.8 0 0 0 71.6 76.8 233.5 0 0 0 0 0 0 64 0 0 0 0 0 0 77 0 0 0 0 0 0 78.7
0.01 0.0002 316.601 67.8244 70.9359 -8.76206e-17 -9.91312e-16 -7.9734e-14 67.8244 195.098 76.2918 1.43798e-16 5.8977e-17 -3.24753e-14 70.9359 76.2918 233.194 3.46276e-17 -1.26963e-16 -2.25034e-14 -8.76206e-17 1.43798e-16 3.46276e-17 63.69 1.91258e-15 -1.29148e-17 -9.91312e-16 5.8977e-17 -1.26963e-16 1.91258e-15 76.5516 2.01573e-17 -7.9734e-14 -3.24753e-14 -2.25034e-14 -1.29148e-17 2.01573e-17 77.9196
0.01 0.0004 312.798 67.5474 70.2855 -1.71339e-16 -1.94587e-15 -1.56096e-13 67.5474 193.715 75.7902 2.83992e-16 1.15043e-16 -6.39513e-14 70.2855 75.7902 232.892 6.86306e-17 -2.49491e-16 -4.41794e-14 -1.71339e-16 2.83992e-16 6.86306e-17 63.3829 3.78469e-15 -2.54526e-17 -1.94587e-15 1.15043e-16 -2.49491e-16 3.78469e-15 76.1085 3.96876e-17 -1.56096e-13 -6.39513e-14 -4.41794e-14 -2.54526e-17 3.96876e-17 77.1545
0.01 0.0006 309.089 67.2692 69.6484 -2.51344e-16 -2.86526e-15 -2.29249e-13 67.2692 192.353 75.2949 4.20688e-16 1.68348e-16 -9.44614e-14 69.6484 75.2949 232.594 1.02017e-16 -3.67768e-16 -6.50631e-14 -2.51344e-16 4.20688e-16 1.02017e-16 63.0788 5.61727e-15 -3.76263e-17 -2.86526e-15 1.68348e-16 -3.67768e-16 5.61727e-15 75.6704 5.86132e-17 -2.29249e-13 -9.44614e-14 -6.50631e-14 -3.76263e-17 5.86132e-17 76.4042
0.01 0.0008 305.47 66.9902 69.0243 -3.27815e-16 -3.751e-15 -2.99346e-13 66.9902 191.01 74.806 5.53987e-16 2.19033e-16 -1.24037e-13 69.0243 74.806 232.3 1.34793e-16 -4.81969e-16 -8.51875e-14 -3.27815e-16 5.53987e-16 1.34793e-16 62.7776 7.41128e-15 -4.9448e-17 -3.751e-15 2.19033e-16 -4.81969e-16 7.41128e-15 75.2374 7.69555e-17 -2.99346e-13 -1.24037e-13 -8.51875e-14 -4.9448e-17 7.69555e-17 75.6685
0.01 0.001 301.938 66.7104 68.4125 -4.0092e-16 -4.60452e-15 -3.6653e-13 66.7104 189.685 74.3232 6.83989e-16 2.67232e-16 -1.52711e-13 68.4125 74.3232 232.01 1.66969e-16 -5.92259e-16 -1.04584e-13 -4.0092e-16 6.83989e-16 1.66969e-16 62.4792 9.1676e-15 -6.09295e-17 -4.60452e-15 2.67232e-16 -5.92259e-16 9.1676e-15 74.8092 9.47346e-17 -3.6653e-13 -1.52711e-13 -1.04584e-13 -6.09295e-17 9.47346e-17 74.9467
0.01 0.0012 298.489 66.43 67.8128 -4.70819e-16 -5.42718e-15 -4.30938e-13 66.43 188.379 73.8465 8.10789e-16 3.13068e-16 -1.8051e-13 67.8128 73.8465 231.724 1.98551e-16 -6.98796e-16 -1.23283e-13 -4.70819e-16 8.10789e-16 1.98551e-16 62.1837 1.08871e-14 -7.20821e-17 -5.42718e-15 3.13068e-16 -6.98796e-16 1.08871e-14 74.386 1.1197e-16 -4.30938e-13 -1.8051e-13 -1.23283e-13 -7.20821e-17 1.1197e-16 74.2386
0.01 0.0014 295.12 66.1492 67.2248 -5.37661e-16 -6.22026e-15 -4.92699e-13 66.1492 187.092 73.3758 9.34477e-16 3.5666e-16 -2.07465e-13 67.2248 73.3758 231.442 2.29549e-16 -8.01731e-16 -1.41312e-13 -5.37661e-16 9.34477e-16 2.29549e-16 61.891 1.25707e-14 -8.29165e-17 -6.22026e-15 3.5666e-16 -8.01731e-16 1.25707e-14 73.9675 1.28681e-16 -4.92699e-13 -2.07465e-13 -1.41312e-13 -8.29165e-17 1.28681e-16 73.5438
0.01 0.0016 291.829 65.8682 66.6481 -6.01591e-16 -6.98499e-15 -5.51933e-13 65.8682 185.822 72.911 1.05514e-15 3.9812e-16 -2.33604e-13 66.6481 72.911 231.163 2.59971e-16 -9.01204e-16 -1.58698e-13 -6.01591e-16 1.05514e-15 2.59971e-16 61.601 1.42192e-14 -9.34431e-17 -6.98499e-15 3.9812e-16 -9.01204e-16 1.42192e-14 73.5536 1.44886e-16 -5.51933e-13 -2.33604e-13 -1.58698e-13 -9.34431e-17 1.44886e-16 72.8618
0.01 0.0018 288.613 65.5871 66.0824 -6.6274e-16 -7.72253e-15 -6.08756e-13 65.5871 184.569 72.4519 1.17287e-15 4.37552e-16 -2.58951e-13 66.0824 72.4519 230.888 2.89825e-16 -9.97353e-16 -1.75468e-13 -6.6274e-16 1.17287e-15 2.89825e-16 61.3137 1.58335e-14 -1.03672e-16 -7.72253e-15 4.37552e-16 -9.97353e-16 1.58335e-14 73.1444 1.606e-16 -6.08756e-13 -2.58951e-13 -1.75468e-13 -1.03672e-16 1.606e-16 72.1924
0.01 0.002 285.47 65.3061 65.5273 -7.21238e-16 -8.43398e-15 -6.63275e-13 65.3061 183.333 71.9985 1.28774e-15 4.75055e-16 -2.83534e-13 65.5273 71.9985 230.616 3.1912e-16 -1.09031e-15 -1.91645e-13 -7.21238e-16 1.28774e-15 3.1912e-16 61.0291 1.74142e-14 -1.13612e-16 -8.43398e-15 4.75055e-16 -1.09031e-15 1.74142e-14 72.7397 1.75842e-16 -6.63275e-13 -2.83534e-13 -1.91645e-13 -1.13612e-16 1.75842e-16 71.5351
0.01 0.0022 282.396 65.0253 64.9825 -7.77205e-16 -9.12039e-15 -7.15595e-13 65.0253 182.114 71.5506 1.39984e-15 5.10724e-16 -3.07377e-13 64.9825 71.5506 230.348 3.47866e-16 -1.18018e-15 -2.07253e-13 -7.77205e-16 1.39984e-15 3.47866e-16 60.7471 1.89622e-14 -1.23274e-16 -9.12039e-15 5.10724e-16 -1.18018e-15 1.89622e-14 72.3395 1.90626e-16 -7.15595e-13 -3.07377e-13 -2.07253e-13 -1.23274e-16 1.90626e-16 70.8897
0.01 0.0024 279.39 64.7447 64.4477 -8.30755e-16 -9.78275e-15 -7.65813e-13 64.7447 180.911 71.1082 1.50924e-15 5.44646e-16 -3.30503e-13 64.4477 71.1082 230.083 3.76069e-16 -1.26711e-15 -2.22314e-13 -8.30755e-16 1.50924e-15 3.76069e-16 60.4677 2.04782e-14 -1.32665e-16 -9.78275e-15 5.44646e-16 -1.26711e-15 2.04782e-14 71.9436 2.04969e-16 -7.65813e-13 -3.30503e-13 -2.22314e-13 -1.32665e-16 2.04969e-16 70.2559
0.01 0.0026 276.449 64.4645 63.9227 -8.81995e-16 -1.0422e-14 -8.1402e-13 64.4645 179.724 70.6712 1.61601e-15 5.76905e-16 -3.52936e-13 63.9227 70.6712 229.821 4.03741e-16 -1.35118e-15 -2.36849e-13 -8.81995e-16 1.61601e-15 4.03741e-16 60.1908 2.19629e-14 -1.41795e-16 -1.0422e-14 5.76905e-16 -1.35118e-15 2.19629e-14 71.552 2.18884e-16 -8.1402e-13 -3.52936e-13 -2.36849e-13 -1.41795e-16 2.18884e-16 69.6333
0.01 0.0028 273.571 64.1849 63.407 -9.3103e-16 -1.10391e-14 -8.60304e-13 64.1849 178.553 70.2395 1.72023e-15 6.07581e-16 -3.74698e-13 63.407 70.2395 229.562 4.30888e-16 -1.43252e-15 -2.50879e-13 -9.3103e-16 1.72023e-15 4.30888e-16 59.9165 2.34172e-14 -1.50671e-16 -1.10391e-14 6.07581e-16 -1.43252e-15 2.34172e-14 71.1647 2.32385e-16 -8.60304e-13 -3.74698e-13 -2.50879e-13 -1.50671e-16 2.32385e-16 69.0216
0.01 0.003 270.754 63.9058 62.9005 -9.77955e-16 -1.16348e-14 -9.04749e-13 63.9058 177.397 69.813 1.82196e-15 6.36749e-16 -3.95809e-13 62.9005 69.813 229.307 4.5752e-16 -1.51122e-15 -2.64422e-13 -9.77955e-16 1.82196e-15 4.5752e-16 59.6447 2.48415e-14 -1.59301e-16 -1.16348e-14 6.36749e-16 -1.51122e-15 2.48415e-14 70.7816 2.45488e-16 -9.04749e-13 -3.95809e-13 -2.64422e-13 -1.59301e-16 2.45488e-16 68.4206
0.01 0.0032 267.997 63.6275 62.4029 -1.02286e-15 -1.22101e-14 -9.47432e-13 63.6275 176.256 69.3916 1.92127e-15 6.64479e-16 -4.16291e-13 62.4029 69.3916 229.054 4.83646e-16 -1.58738e-15 -2.77498e-13 -1.02286e-15 1.92127e-15 4.83646e-16 59.3753 2.62367e-14 -1.67694e-16 -1.22101e-14 6.64479e-16 -1.58738e-15 2.62367e-14 70.4025 2.58203e-16 -9.47432e-13 -4.16291e-13 -2.77498e-13 -1.67694e-16 2.58203e-16 67.83
0.01 0.0034 265.297 63.3499 61.914 -1.06584e-15 -1.27656e-14 -9.8843e-13 63.3499 175.13 68.9752 2.01823e-15 6.90839e-16 -4.36163e-13 61.914 68.9752 228.804 5.09273e-16 -1.66109e-15 -2.90123e-13 -1.06584e-15 2.01823e-15 5.09273e-16 59.1084 2.76033e-14 -1.75856e-16 -1.27656e-14 6.90839e-16 -1.66109e-15 2.76033e-14 70.0275 2.70544e-16 -9.8843e-13 -4.36163e-13 -2.90123e-13 -1.75856e-16 2.70544e-16 67.2494
0.01 0.0036 262.652 63.0731 61.4335 -1.10698e-15 -1.33021e-14 -1.02781e-12 63.0731 174.018 68.5637 2.1129e-15 7.15892e-16 -4.55445e-13 61.4335 68.5637 228.558 5.34411e-16 -1.73245e-15 -3.02314e-13 -1.10698e-15 2.1129e-15 5.34411e-16 58.8438 2.89421e-14 -1.83794e-16 -1.33021e-14 7.15892e-16 -1.73245e-15 2.89421e-14 69.6565 2.82522e-16 -1.02781e-12 -4.55445e-13 -3.02314e-13 -1.83794e-16 2.82522e-16 66.6788
0.01 0.0038 260.061 62.7972 60.9612 -1.14635e-15 -1.38204e-14 -1.06565e-12 62.7972 172.92 68.1571 2.20534e-15 7.39699e-16 -4.74154e-13 60.9612 68.1571 228.314 5.59068e-16 -1.80153e-15 -3.14089e-13 -1.14635e-15 2.20534e-15 5.59068e-16 58.5816 3.02536e-14 -1.91515e-16 -1.38204e-14 7.39699e-16 -1.80153e-15 3.02536e-14 69.2894 2.9415e-16 -1.06565e-12 -4.74154e-13 -3.14089e-13 -1.91515e-16 2.9415e-16 66.1177
0.01 0.004 257.522 62.5223 60.4968 -1.18403e-15 -1.43211e-14 -1.102e-12 62.5223 171.837 67.7553 2.29561e-15 7.62317e-16 -4.92309e-13 60.4968 67.7553 228.073 5.83253e-16 -1.86841e-15 -3.2546e-13 -1.18403e-15 2.29561e-15 5.83253e-16 58.3217 3.15383e-14 -1.99025e-16 -1.43211e-14 7.62317e-16 -1.86841e-15 3.15383e-14 68.9261 3.05438e-16 -1.102e-12 -4.92309e-13 -3.2546e-13 -1.99025e-16 3.05438e-16 65.566
