0.0001 0 226.3 84.5 81.5 0.4 3.4 0.3 84.5 218.5 82.9 -1.8 1.2 0.3 81.5 82.9 208 -1.3 6.1 0.2 0.4 -1.8 -1.3 64.9 -0.1 -1.9 3.4 1.2 6.1 -0.1 68.7 0.3 0.3 0.3 0.2 -1.9 0.3 66.6
0.0001 5e-05 226.136 84.0981 81.3484 0.320634 3.3974 0.239119 84.0981 217.427 82.4961 -1.41652 1.19351 0.227809 81.3484 82.4961 207.838 -1.02552 6.09673 0.15171 0.320634 -1.41652 -1.02552 51.3652 -0.0777091 -1.19121 3.3974 1.19351 6.09673 -0.0777091 68.6961 0.237114 0.239119 0.227809 0.15171 -1.19121 0.237114 52.7414
0.0001 0.0001 225.973 83.6995 81.1978 0.26823 3.39488 0.198676 83.6995 216.369 82.0988 -1.16583 1.18739 0.183019 81.1978 82.0988 207.679 -0.846038 6.0937 0.121866 0.26823 -1.16583 -0.846038 42.5032 -0.0635116 -0.816073 3.39488 1.18739 6.0937 -0.0635116 68.6923 0.196025 0.198676 0.183019 0.121866 -0.816073 0.196025 43.6587
0.0001 0.00015 225.812 83.3043 81.0483 0.231034 3.39241 0.169861 83.3043 215.323 81.7069 -0.989142 1.18149 0.1526 81.0483 81.7069 207.523 -0.719511 6.0908 0.101655 0.231034 -0.989142 -0.719511 36.2498 -0.0536831 -0.593821 3.39241 1.18149 6.0908 -0.0536831 68.6886 0.167073 0.169861 0.1526 0.101655 -0.593821 0.167073 37.2454
0.0001 0.0002 225.653 82.9127 80.9 0.203258 3.38998 0.148292 82.9127 214.288 81.3195 -0.85791 1.17574 0.130624 80.9 81.3195 207.369 -0.625518 6.088 0.087085 0.203258 -0.85791 -0.625518 31.6009 -0.0464782 -0.451392 3.38998 1.17574 6.088 -0.0464782 68.685 0.145571 0.148292 0.130624 0.087085 -0.451392 0.145571 32.4753
0.0001 0.00025 225.495 82.5247 80.7531 0.181722 3.38758 0.131541 82.5247 213.264 80.9365 -0.756602 1.17012 0.11402 80.7531 80.9365 207.216 -0.552942 6.08526 0.0760954 0.181722 -0.756602 -0.552942 28.0089 -0.0409713 -0.354678 3.38758 1.17012 6.08526 -0.0409713 68.6813 0.128972 0.131541 0.11402 0.0760954 -0.354678 0.128972 28.7884
0.0001 0.0003 225.338 82.1402 80.6074 0.164532 3.3852 0.118157 82.1402 212.25 80.5575 -0.676038 1.16459 0.10104 80.6074 80.5575 207.066 -0.495215 6.08257 0.0675164 0.164532 -0.676038 -0.495215 25.1503 -0.0366259 -0.286017 3.3852 1.16459 6.08257 -0.0366259 68.6777 0.115769 0.118157 0.10104 0.0675164 -0.286017 0.115769 25.8535
0.0001 0.00035 225.183 81.7593 80.4631 0.15049 3.38286 0.107217 81.7593 211.246 80.1823 -0.610446 1.15914 0.0906202 80.4631 80.1823 206.916 -0.448205 6.07992 0.0606364 0.15049 -0.610446 -0.448205 22.8213 -0.0331099 -0.235524 3.38286 1.15914 6.07992 -0.0331099 68.674 0.105017 0.107217 0.0906202 0.0606364 -0.235524 0.105017 23.4616
0.0001 0.0004 225.029 81.382 80.32 0.138802 3.38054 0.0981095 81.382 210.252 79.8109 -0.556013 1.15377 0.0820734 80.32 79.8109 206.769 -0.409182 6.07731 0.0549982 0.138802 -0.556013 -0.409182 20.887 -0.0302067 -0.197311 3.38054 1.15377 6.07731 -0.0302067 68.6704 0.0960915 0.0981095 0.0820734 0.0549982 -0.197311 0.0960915 21.4749
0.0001 0.00045 224.877 81.0081 80.1782 0.128919 3.37824 0.0904089 81.0081 209.267 79.4432 -0.510119 1.14846 0.0749383 80.1782 79.4432 206.623 -0.376273 6.07473 0.0502945 0.128919 -0.510119 -0.376273 19.2551 -0.0277691 -0.167696 3.37824 1.14846 6.07473 -0.0277691 68.6668 0.0885634 0.0904089 0.0749383 0.0502945 -0.167696 0.0885634 19.7984
0.0001 0.0005 224.726 80.6376 80.0377 0.120452 3.37596 0.083813 80.6376 208.292 79.0789 -0.470905 1.14322 0.0688933 80.0377 79.0789 206.478 -0.348147 6.07218 0.0463117 0.120452 -0.470905 -0.348147 17.8597 -0.0256934 -0.14428 3.37596 1.14322 6.07218 -0.0256934 68.6632 0.0821285 0.083813 0.0688933 0.0463117 -0.14428 0.0821285 18.3647
0.0001 0.00055 224.576 80.2706 79.8984 0.113115 3.3737 0.0781003 80.2706 207.326 78.7182 -0.437016 1.13803 0.0637073 79.8984 78.7182 206.334 -0.323832 6.06966 0.0428964 0.113115 -0.437016 -0.323832 16.6528 -0.0239047 -0.125447 3.3737 1.13803 6.06966 -0.0239047 68.6596 0.0765646 0.0781003 0.0637073 0.0428964 -0.125447 0.0765646 17.1247
0.0001 0.0006 224.428 79.9069 79.7604 0.106696 3.37146 0.0731047 79.9069 206.369 78.3609 -0.407438 1.13291 0.05921 79.7604 78.3609 206.192 -0.302605 6.06715 0.0399357 0.106696 -0.407438 -0.302605 15.5988 -0.0223474 -0.110075 3.37146 1.13291 6.06715 -0.0223474 68.6561 0.0717062 0.0731047 0.05921 0.0399357 -0.110075 0.0717062 16.0415
0.0001 0.00065 224.28 79.5466 79.6237 0.10103 3.36925 0.0686992 79.5466 205.421 78.0069 -0.381402 1.12783 0.0552736 79.6237 78.0069 206.051 -0.283913 6.06467 0.037345 0.10103 -0.381402 -0.283913 14.6703 -0.0209792 -0.0973642 3.36925 1.12783 6.06467 -0.0209792 68.6525 0.067427 0.0686992 0.0552736 0.037345 -0.0973642 0.067427 15.0872
0.0001 0.0007 224.135 79.1895 79.4881 0.0959924 3.36705 0.0647852 79.1895 204.481 77.6562 -0.358308 1.12281 0.0517997 79.4881 77.6562 205.911 -0.267329 6.06222 0.0350591 0.0959924 -0.358308 -0.267329 13.8461 -0.0197678 -0.0867344 3.36705 1.12281 6.06222 -0.0197678 68.6489 0.0636293 0.0647852 0.0517997 0.0350591 -0.0867344 0.0636293 14.2401
0.0001 0.00075 223.99 78.8357 79.3538 0.0914828 3.36487 0.061285 78.8357 203.551 77.3088 -0.337688 1.11784 0.0487117 79.3538 77.3088 205.773 -0.252516 6.05978 0.0330275 0.0914828 -0.337688 -0.252516 13.1095 -0.0186877 -0.0777549 3.36487 1.11784 6.05978 -0.0186877 68.6453 0.0602362 0.061285 0.0487117 0.0330275 -0.0777549 0.0602362 13.4831
0.0001 0.0008 223.847 78.485 79.2206 0.0874218 3.3627 0.0581363 78.485 202.628 76.9645 -0.319166 1.11292 0.0459491 79.2206 76.9645 205.635 -0.239205 6.05736 0.0312102 0.0874218 -0.319166 -0.239205 12.4474 -0.0177186 -0.0701009 3.3627 1.11292 6.05736 -0.0177186 68.6417 0.0571862 0.0581363 0.0459491 0.0312102 -0.0701009 0.0571862 12.8025
0.0001 0.00085 223.704 78.1375 79.0886 0.0837449 3.36056 0.0552888 78.1375 201.714 76.6234 -0.302438 1.10804 0.0434634 79.0886 76.6234 205.499 -0.22718 6.05497 0.029575 0.0837449 -0.302438 -0.22718 11.849 -0.0168443 -0.0635239 3.36056 1.10804 6.05497 -0.0168443 68.6382 0.0544299 0.0552888 0.0434634 0.029575 -0.0635239 0.0544299 12.1873
0.0001 0.0009 223.563 77.7931 78.9578 0.0803996 3.35843 0.0527013 77.7931 200.808 76.2854 -0.287258 1.10321 0.0412151 78.9578 76.2854 205.364 -0.216263 6.05259 0.028096 0.0803996 -0.287258 -0.216263 11.3054 -0.0160515 -0.0578308 3.35843 1.10321 6.05259 -0.0160515 68.6346 0.0519267 0.0527013 0.0412151 0.028096 -0.0578308 0.0519267 11.6285
0.0001 0.00095 223.423 77.4518 78.8281 0.0773424 3.35632 0.0503398 77.4518 199.911 75.9504 -0.273421 1.09843 0.039172 78.8281 75.9504 205.23 -0.206308 6.05023 0.026752 0.0773424 -0.273421 -0.206308 10.8096 -0.0153294 -0.0528701 3.35632 1.09843 6.05023 -0.0153294 68.631 0.0496434 0.0503398 0.039172 0.026752 -0.0528701 0.0496434 11.1187
0.0001 0.001 223.285 77.1136 78.6995 0.0745373 3.35422 0.048176 77.1136 199.021 75.6184 -0.260759 1.0937 0.0373075 78.6995 75.6184 205.098 -0.197194 6.04788 0.0255254 0.0745373 -0.260759 -0.197194 10.3554 -0.0146688 -0.0485214 3.35422 1.0937 6.04788 -0.0146688 68.6274 0.0475521 0.048176 0.0373075 0.0255254 -0.0485214 0.0475521 10.6517
