0.01 0 87.464 34.216 34.216 0 0 0 34.216 87.464 34.216 0 0 0 34.216 34.216 87.464 0 0 0 0 0 0 26.624 0 0 0 0 0 0 26.624 0 0 0 0 0 0 26.624
0.01 0.0002 86.9393 34.225 34.0759 7.64999e-17 8.00194e-17 2.3572e-14 34.225 86.9393 34.0759 -2.80527e-17 3.88955e-18 -2.54827e-15 34.0759 34.0759 87.3742 1.31565e-17 2.27888e-17 5.71702e-15 7.64999e-17 -2.80527e-17 1.31565e-17 26.4775 2.47509e-15 5.45562e-17 8.00194e-17 3.88955e-18 2.27888e-17 2.47509e-15 26.4775 8.50047e-18 2.3572e-14 -2.54827e-15 5.71702e-15 5.45562e-17 8.50047e-18 26.3571
0.01 0.0004 86.422 34.2309 33.9371 1.50927e-16 1.58059e-16 4.63316e-14 34.2309 86.422 33.9371 -5.49697e-17 8.13567e-18 -4.87717e-15 33.9371 33.9371 87.285 2.60586e-17 4.51372e-17 1.12729e-14 1.50927e-16 -5.49697e-17 2.60586e-17 26.3326 4.89614e-15 1.07438e-16 1.58059e-16 8.13567e-18 4.51372e-17 4.89614e-15 26.3326 1.67401e-17 4.63316e-14 -4.87717e-15 1.12729e-14 1.07438e-16 1.67401e-17 26.0955
0.01 0.0006 85.912 34.2339 33.7994 2.23348e-16 2.34178e-16 6.83113e-14 34.2339 85.912 33.7994 -8.07973e-17 1.27149e-17 -6.99955e-15 33.7994 33.7994 87.1965 3.8712e-17 6.70547e-17 1.6673e-14 2.23348e-16 -8.07973e-17 3.8712e-17 26.1892 7.26448e-15 1.58705e-16 2.34178e-16 1.27149e-17 6.70547e-17 7.26448e-15 26.1892 2.4728e-17 6.83113e-14 -6.99955e-15 1.6673e-14 1.58705e-16 2.4728e-17 25.8391
0.01 0.0008 85.4091 34.2339 33.6628 2.93827e-16 3.08432e-16 8.9542e-14 34.2339 85.4091 33.6628 -1.0558e-16 1.76052e-17 -8.92751e-15 33.6628 33.6628 87.1085 5.1122e-17 8.85506e-17 2.19225e-14 2.93827e-16 -1.0558e-16 5.1122e-17 26.0475 9.58138e-15 2.08413e-16 3.08432e-16 1.76052e-17 8.85506e-17 9.58138e-15 26.0475 3.24731e-17 8.9542e-14 -8.92751e-15 2.19225e-14 2.08413e-16 3.24731e-17 25.5876
0.01 0.001 84.9132 34.2312 33.5274 3.62425e-16 3.80877e-16 1.10053e-13 34.2312 84.9132 33.5274 -1.29359e-16 2.27854e-17 -1.06724e-14 33.5274 33.5274 87.0212 6.32938e-17 1.09634e-16 2.70262e-14 3.62425e-16 -1.29359e-16 6.32938e-17 25.9072 1.18481e-14 2.56616e-16 3.80877e-16 2.27854e-17 1.09634e-16 1.18481e-14 25.9072 3.99837e-17 1.10053e-13 -1.06724e-14 2.70262e-14 2.56616e-16 3.99837e-17 25.341
0.01 0.0012 84.4241 34.2259 33.3931 4.29202e-16 4.51565e-16 1.29873e-13 34.2259 84.4241 33.3931 -1.52175e-16 2.8236e-17 -1.2245e-14 33.3931 33.3931 86.9346 7.52327e-17 1.30314e-16 3.19888e-14 4.29202e-16 -1.52175e-16 7.52327e-17 25.7684 1.40658e-14 3.03366e-16 4.51565e-16 2.8236e-17 1.30314e-16 1.40658e-14 25.7684 4.72678e-17 1.29873e-13 -1.2245e-14 3.19888e-14 3.03366e-16 4.72678e-17 25.0991
0.01 0.0014 83.9415 34.218 33.2599 4.94214e-16 5.20545e-16 1.49029e-13 34.218 83.9415 33.2599 -1.74067e-16 3.3938e-17 -1.36553e-14 33.2599 33.2599 86.8485 8.69435e-17 1.50599e-16 3.6815e-14 4.94214e-16 -1.74067e-16 8.69435e-17 25.6312 1.62357e-14 3.48713e-16 5.20545e-16 3.3938e-17 1.50599e-16 1.62357e-14 25.6312 5.43334e-17 1.49029e-13 -1.36553e-14 3.6815e-14 3.48713e-16 5.43334e-17 24.8618
0.01 0.0016 83.4655 34.2077 33.1278 5.57515e-16 5.87868e-16 1.67545e-13 34.2077 83.4655 33.1278 -1.9507e-16 3.98739e-17 -1.49127e-14 33.1278 33.1278 86.763 9.84312e-17 1.70497e-16 4.15091e-14 5.57515e-16 -1.9507e-16 9.84312e-17 25.4953 1.8359e-14 3.92704e-16 5.87868e-16 3.98739e-17 1.70497e-16 1.8359e-14 25.4953 6.11877e-17 1.67545e-13 -1.49127e-14 4.15091e-14 3.92704e-16 6.11877e-17 24.6289
0.01 0.0018 82.9957 34.1951 32.9968 6.19159e-16 6.53579e-16 1.85446e-13 34.1951 82.9957 32.9968 -2.15221e-16 4.60269e-17 -1.60263e-14 32.9968 32.9968 86.6782 1.097e-16 1.90017e-16 4.60752e-14 6.19159e-16 -2.15221e-16 1.097e-16 25.361 2.04367e-14 4.35385e-16 6.53579e-16 4.60269e-17 1.90017e-16 2.04367e-14 25.361 6.78378e-17 1.85446e-13 -1.60263e-14 4.60752e-14 4.35385e-16 6.78378e-17 24.4003
0.01 0.002 82.5322 34.1802 32.8668 6.79196e-16 7.17725e-16 2.02756e-13 34.1802 82.5322 32.8668 -2.34552e-16 5.23812e-17 -1.70044e-14 32.8668 32.8668 86.5939 1.20756e-16 2.09167e-16 5.05175e-14 6.79196e-16 -2.34552e-16 1.20756e-16 25.228 2.247e-14 4.768e-16 7.17725e-16 5.23812e-17 2.09167e-16 2.247e-14 25.228 7.42907e-17 2.02756e-13 -1.70044e-14 5.05175e-14 4.768e-16 7.42907e-17 24.176
0.01 0.0022 82.0746 34.1633 32.7379 7.37674e-16 7.80349e-16 2.19497e-13 34.1633 82.0746 32.7379 -2.53096e-16 5.89217e-17 -1.78549e-14 32.7379 32.7379 86.5101 1.31602e-16 2.27955e-16 5.48396e-14 7.37674e-16 -2.53096e-16 1.31602e-16 25.0964 2.44598e-14 5.1699e-16 7.80349e-16 5.89217e-17 2.27955e-16 2.44598e-14 25.0964 8.05529e-17 2.19497e-13 -1.78549e-14 5.48396e-14 5.1699e-16 8.05529e-17 23.9557
0.01 0.0024 81.623 34.1442 32.6101 7.9464e-16 8.41493e-16 2.35689e-13 34.1442 81.623 32.6101 -2.70883e-16 6.56344e-17 -1.85854e-14 32.6101 32.6101 86.427 1.42243e-16 2.46387e-16 5.90455e-14 7.9464e-16 -2.70883e-16 1.42243e-16 24.9662 2.64072e-14 5.55997e-16 8.41493e-16 6.56344e-17 2.46387e-16 2.64072e-14 24.9662 8.66305e-17 2.35689e-13 -1.85854e-14 5.90455e-14 5.55997e-16 8.66305e-17 23.7394
0.01 0.0026 81.1771 34.1232 32.4833 8.5014e-16 9.01199e-16 2.51354e-13 34.1232 81.1771 32.4833 -2.87943e-16 7.25058e-17 -1.92028e-14 32.4833 32.4833 86.3444 1.52684e-16 2.64472e-16 6.31386e-14 8.5014e-16 -2.87943e-16 1.52684e-16 24.8373 2.83132e-14 5.93859e-16 9.01199e-16 7.25058e-17 2.64472e-16 2.83132e-14 24.8373 9.25298e-17 2.51354e-13 -1.92028e-14 6.31386e-14 5.93859e-16 9.25298e-17 23.527
0.01 0.0028 80.7369 34.1003 32.3575 9.04216e-16 9.59504e-16 2.6651e-13 34.1003 80.7369 32.3575 -3.04303e-16 7.95233e-17 -1.97138e-14 32.3575 32.3575 86.2624 1.62928e-16 2.82217e-16 6.71224e-14 9.04216e-16 -3.04303e-16 1.62928e-16 24.7097 3.01787e-14 6.30613e-16 9.59504e-16 7.95233e-17 2.82217e-16 3.01787e-14 24.7097 9.82566e-17 2.6651e-13 -1.97138e-14 6.71224e-14 6.30613e-16 9.82566e-17 23.3183
0.01 0.003 80.3022 34.0755 32.2327 9.56911e-16 1.01645e-15 2.81175e-13 34.0755 80.3022 32.2327 -3.1999e-16 8.66748e-17 -2.01246e-14 32.2327 32.2327 86.1809 1.7298e-16 2.99628e-16 7.10003e-14 9.56911e-16 -3.1999e-16 1.7298e-16 24.5835 3.20048e-14 6.66295e-16 1.01645e-15 8.66748e-17 2.99628e-16 3.20048e-14 24.5835 1.03816e-16 2.81175e-13 -2.01246e-14 7.10003e-14 6.66295e-16 1.03816e-16 23.1133
0.01 0.0032 79.8729 34.0491 32.1089 1.00826e-15 1.07207e-15 2.95369e-13 34.0491 79.8729 32.1089 -3.35031e-16 9.39491e-17 -2.04412e-14 32.1089 32.1089 86.1 1.82844e-16 3.16714e-16 7.47753e-14 1.00826e-15 -3.35031e-16 1.82844e-16 24.4585 3.37922e-14 7.0094e-16 1.07207e-15 9.39491e-17 3.16714e-16 3.37922e-14 24.4585 1.09214e-16 2.95369e-13 -2.04412e-14 7.47753e-14 7.0094e-16 1.09214e-16 22.9119
0.01 0.0034 79.4489 34.0209 31.986 1.05832e-15 1.1264e-15 3.09106e-13 34.0209 79.4489 31.986 -3.49449e-16 1.01335e-16 -2.06692e-14 31.986 31.986 86.0196 1.92523e-16 3.33479e-16 7.84507e-14 1.05832e-15 -3.49449e-16 1.92523e-16 24.3348 3.5542e-14 7.34581e-16 1.1264e-15 1.01335e-16 3.33479e-16 3.5542e-14 24.3348 1.14456e-16 3.09106e-13 -2.06692e-14 7.84507e-14 7.34581e-16 1.14456e-16 22.714
0.01 0.0036 79.0301 33.9912 31.8642 1.1071e-15 1.17947e-15 3.22405e-13 33.9912 79.0301 31.8642 -3.63268e-16 1.08823e-16 -2.08138e-14 31.8642 31.8642 85.9397 2.02021e-16 3.49932e-16 8.20293e-14 1.1071e-15 -3.63268e-16 2.02021e-16 24.2123 3.72548e-14 7.67249e-16 1.17947e-15 1.08823e-16 3.49932e-16 3.72548e-14 24.2123 1.19546e-16 3.22405e-13 -2.08138e-14 8.20293e-14 7.67249e-16 1.19546e-16 22.5194
0.01 0.0038 78.6163 33.9599 31.7433 1.15466e-15 1.23132e-15 3.35279e-13 33.9599 78.6163 31.7433 -3.76511e-16 1.16404e-16 -2.088e-14 31.7433 31.7433 85.8604 2.11343e-16 3.66078e-16 8.55141e-14 1.15466e-15 -3.76511e-16 2.11343e-16 24.0911 3.89317e-14 7.98976e-16 1.23132e-15 1.16404e-16 3.66078e-16 3.89317e-14 24.0911 1.24489e-16 3.35279e-13 -2.088e-14 8.55141e-14 7.98976e-16 1.24489e-16 22.3282
0.01 0.004 78.2075 33.9271 31.6234 1.20103e-15 1.28199e-15 3.47745e-13 33.9271 78.2075 31.6234 -3.892e-16 1.24067e-16 -2.08725e-14 31.6234 31.6234 85.7816 2.20491e-16 3.81924e-16 8.89078e-14 1.20103e-15 -3.892e-16 2.20491e-16 23.9711 4.05734e-14 8.29791e-16 1.28199e-15 1.24067e-16 3.81924e-16 4.05734e-14 23.9711 1.29291e-16 3.47745e-13 -2.08725e-14 8.89078e-14 8.29791e-16 1.29291e-16 22.1402
