0.0001 0 320.5 68.1 71.6 0 0 0 68.1 196.5 76.8 0 0 0 71.6 76.8 233.5 0 0 0 0 0 0 64 0 0 0 0 0 0 77 0 0 0 0 0 0 78.7
0.0001 5e-05 320.383 67.8106 71.487 -4.65444e-16 2.16761e-19 1.8418e-11 67.8106 195.642 76.4704 -1.38144e-15 6.43354e-19 5.4665e-11 71.487 76.4704 233.364 -5.29472e-16 2.4658e-19 2.09517e-11 -4.65444e-16 -1.38144e-15 -5.29472e-16 51.8616 6.84246e-13 -1.26124e-14 2.16761e-19 6.43354e-19 2.4658e-19 6.84246e-13 76.9958 8.47795e-24 1.8418e-11 5.4665e-11 2.09517e-11 -1.26124e-14 8.47795e-24 62.4522
0.0001 0.0001 320.267 67.5237 71.3749 -7.79076e-16 4.31613e-19 3.03997e-11 67.5237 194.792 76.1436 -2.31232e-15 1.28105e-18 9.02272e-11 71.3749 76.1436 233.228 -8.86242e-16 4.90985e-19 3.45814e-11 -7.79076e-16 -2.31232e-15 -8.86242e-16 43.5935 1.15026e-12 -1.75749e-14 4.31613e-19 1.28105e-18 4.90985e-19 1.15026e-12 76.9916 1.40534e-23 3.03997e-11 9.02272e-11 3.45814e-11 -1.75749e-14 1.40534e-23 51.7652
0.0001 0.00015 320.151 67.2392 71.2638 -1.00356e-15 6.44579e-19 3.87679e-11 67.2392 193.949 75.8197 -2.9786e-15 1.91315e-18 1.15065e-10 71.2638 75.8197 233.094 -1.1416e-15 7.33243e-19 4.41004e-11 -1.00356e-15 -2.9786e-15 -1.1416e-15 37.5992 1.48806e-12 -1.94151e-14 6.44579e-19 1.91315e-18 7.33243e-19 1.48806e-12 76.9874 1.79987e-23 3.87679e-11 1.15065e-10 4.41004e-11 -1.94151e-14 1.79987e-23 44.2013
0.0001 0.0002 320.037 66.9573 71.1536 -1.17125e-15 8.55685e-19 4.4906e-11 66.9573 193.113 75.4985 -3.47635e-15 2.53974e-18 1.33283e-10 71.1536 75.4985 232.961 -1.33235e-15 9.7338e-19 5.10824e-11 -1.17125e-15 -3.47635e-15 -1.33235e-15 33.0542 1.74414e-12 -1.98562e-14 8.55685e-19 2.53974e-18 9.7338e-19 1.74414e-12 76.9832 2.09375e-23 4.4906e-11 1.33283e-10 5.10824e-11 -1.98562e-14 2.09375e-23 38.5661
0.0001 0.00025 319.923 66.6777 71.0444 -1.30056e-15 1.06495e-18 4.95715e-11 66.6777 192.285 75.1801 -3.86016e-15 3.16088e-18 1.47132e-10 71.0444 75.1801 232.829 -1.47944e-15 1.21143e-18 5.63893e-11 -1.30056e-15 -3.86016e-15 -1.47944e-15 29.4894 1.94495e-12 -1.96396e-14 1.06495e-18 3.16088e-18 1.21143e-18 1.94495e-12 76.979 2.32111e-23 4.95715e-11 1.47132e-10 5.63893e-11 -1.96396e-14 2.32111e-23 34.2053
0.0001 0.0003 319.81 66.4005 70.9361 -1.40272e-15 1.27241e-18 5.32142e-11 66.4005 191.464 74.8645 -4.1634e-15 3.77664e-18 1.57944e-10 70.9361 74.8645 232.698 -1.59564e-15 1.44741e-18 6.05327e-11 -1.40272e-15 -4.1634e-15 -1.59564e-15 26.6187 2.10662e-12 -1.91122e-14 1.27241e-18 3.77664e-18 1.44741e-18 2.10662e-12 76.9748 2.50223e-23 5.32142e-11 1.57944e-10 6.05327e-11 -1.91122e-14 2.50223e-23 30.7305
0.0001 0.00035 319.698 66.1257 70.8286 -1.48498e-15 1.47807e-18 5.61179e-11 66.1257 190.649 74.5515 -4.40757e-15 4.3871e-18 1.66564e-10 70.8286 74.5515 232.568 -1.6892e-15 1.68135e-18 6.38354e-11 -1.48498e-15 -4.40757e-15 -1.6892e-15 24.2573 2.23957e-12 -1.84457e-14 1.47807e-18 4.3871e-18 1.68135e-18 2.23957e-12 76.9706 2.6499e-23 5.61179e-11 1.66564e-10 6.38354e-11 -1.84457e-14 2.6499e-23 27.8965
0.0001 0.0004 319.586 65.8532 70.7221 -1.55223e-15 1.68197e-18 5.84707e-11 65.8532 189.842 74.2411 -4.60718e-15 4.99231e-18 1.73548e-10 70.7221 74.2411 232.439 -1.76568e-15 1.91327e-18 6.65113e-11 -1.55223e-15 -4.60718e-15 -1.76568e-15 22.2808 2.35083e-12 -1.77282e-14 1.68197e-18 4.99231e-18 1.91327e-18 2.35083e-12 76.9664 2.77259e-23 5.84707e-11 1.73548e-10 6.65113e-11 -1.77282e-14 2.77259e-23 25.5411
0.0001 0.00045 319.475 65.583 70.6165 -1.60787e-15 1.88413e-18 6.04019e-11 65.583 189.041 73.9334 -4.77235e-15 5.59236e-18 1.7928e-10 70.6165 73.9334 232.311 -1.82896e-15 2.14321e-18 6.87076e-11 -1.60787e-15 -4.77235e-15 -1.82896e-15 20.6021 2.44529e-12 -1.70057e-14 1.88413e-18 5.59236e-18 2.14321e-18 2.44529e-12 76.9622 2.87615e-23 6.04019e-11 1.7928e-10 6.87076e-11 -1.70057e-14 2.87615e-23 23.5525
0.0001 0.0005 319.366 65.3151 70.5117 -1.65436e-15 2.08456e-18 6.20034e-11 65.3151 188.247 73.6283 -4.91037e-15 6.18729e-18 1.84035e-10 70.5117 73.6283 232.184 -1.88184e-15 2.37119e-18 7.0529e-11 -1.65436e-15 -4.91037e-15 -1.88184e-15 19.1586 2.52648e-12 -1.63021e-14 2.08456e-18 6.18729e-18 2.37119e-18 2.52648e-12 76.958 2.96471e-23 6.20034e-11 1.84035e-10 7.0529e-11 -1.63021e-14 2.96471e-23 21.8512
0.0001 0.00055 319.257 65.0494 70.4078 -1.69352e-15 2.28328e-18 6.33426e-11 65.0494 187.46 73.3257 -5.02663e-15 6.77718e-18 1.88011e-10 70.4078 73.3257 232.058 -1.92637e-15 2.59723e-18 7.20519e-11 -1.69352e-15 -5.02663e-15 -1.92637e-15 17.9041 2.59702e-12 -1.56291e-14 2.28328e-18 6.77718e-18 2.59723e-18 2.59702e-12 76.9538 3.04131e-23 6.33426e-11 1.88011e-10 7.20519e-11 -1.56291e-14 3.04131e-23 20.3791
0.0001 0.0006 319.148 64.786 70.3047 -1.72671e-15 2.48033e-18 6.44697e-11 64.786 186.679 73.0257 -5.12517e-15 7.36209e-18 1.91357e-10 70.3047 73.0257 231.932 -1.96411e-15 2.82136e-18 7.33335e-11 -1.72671e-15 -5.12517e-15 -1.96411e-15 16.8039 2.65886e-12 -1.49922e-14 2.48033e-18 7.36209e-18 2.82136e-18 2.65886e-12 76.9496 3.10821e-23 6.44697e-11 1.91357e-10 7.33335e-11 -1.49922e-14 3.10821e-23 19.0929
0.0001 0.00065 319.041 64.5247 70.2025 -1.75499e-15 2.67572e-18 6.54228e-11 64.5247 185.905 72.7281 -5.20912e-15 7.94208e-18 1.94187e-10 70.2025 72.7281 231.808 -1.99626e-15 3.04359e-18 7.44172e-11 -1.75499e-15 -5.20912e-15 -1.99626e-15 15.831 2.71352e-12 -1.43928e-14 2.67572e-18 7.94208e-18 3.04359e-18 2.71352e-12 76.9454 3.16714e-23 6.54228e-11 1.94187e-10 7.44172e-11 -1.43928e-14 3.16714e-23 17.9594
0.0001 0.0007 318.934 64.2656 70.1011 -1.77916e-15 2.86947e-18 6.62319e-11 64.2656 185.137 72.433 -5.28091e-15 8.51721e-18 1.96589e-10 70.1011 72.433 231.685 -2.02375e-15 3.26396e-18 7.5337e-11 -1.77916e-15 -5.28091e-15 -2.02375e-15 14.9646 2.76218e-12 -1.38306e-14 2.86947e-18 8.51721e-18 3.26396e-18 2.76218e-12 76.9412 3.21944e-23 6.62319e-11 1.96589e-10 7.5337e-11 -1.38306e-14 3.21944e-23 16.9529
0.0001 0.00075 318.828 64.0086 70.0006 -1.79989e-15 3.0616e-18 6.69201e-11 64.0086 184.375 72.1403 -5.34246e-15 9.08755e-18 1.98633e-10 70.0006 72.1403 231.563 -2.04732e-15 3.48248e-18 7.61194e-11 -1.79989e-15 -5.34246e-15 -2.04732e-15 14.1881 2.80576e-12 -1.3304e-14 3.0616e-18 9.08755e-18 3.48248e-18 2.80576e-12 76.937 3.26616e-23 6.69201e-11 1.98633e-10 7.61194e-11 -1.3304e-14 3.26616e-23 16.0532
0.0001 0.0008 318.722 63.7537 69.9008 -1.81769e-15 3.25214e-18 6.75062e-11 63.7537 183.62 71.85 -5.39533e-15 9.65314e-18 2.00374e-10 69.9008 71.85 231.442 -2.06755e-15 3.69919e-18 7.67856e-11 -1.81769e-15 -5.39533e-15 -2.06755e-15 13.4883 2.84503e-12 -1.28111e-14 3.25214e-18 9.65314e-18 3.69919e-18 2.84503e-12 76.9328 3.30816e-23 6.75062e-11 2.00374e-10 7.67856e-11 -1.28111e-14 3.30816e-23 15.2442
0.0001 0.00085 318.617 63.5009 69.8019 -1.83299e-15 3.44109e-18 6.80053e-11 63.5009 182.871 71.5621 -5.44076e-15 1.02141e-17 2.01856e-10 69.8019 71.5621 231.321 -2.08494e-15 3.91409e-18 7.73528e-11 -1.83299e-15 -5.44076e-15 -2.08494e-15 12.8542 2.88059e-12 -1.23495e-14 3.44109e-18 1.02141e-17 3.91409e-18 2.88059e-12 76.9286 3.3461e-23 6.80053e-11 2.01856e-10 7.73528e-11 -1.23495e-14 3.3461e-23 14.5129
0.0001 0.0009 318.513 63.2501 69.7037 -1.84613e-15 3.62849e-18 6.84297e-11 63.2501 182.127 71.2765 -5.4798e-15 1.07703e-17 2.03117e-10 69.7037 71.2765 231.202 -2.09988e-15 4.12722e-18 7.78351e-11 -1.84613e-15 -5.4798e-15 -2.09988e-15 12.2771 2.91293e-12 -1.19172e-14 3.62849e-18 1.07703e-17 4.12722e-18 2.91293e-12 76.9244 3.38055e-23 6.84297e-11 2.03117e-10 7.78351e-11 -1.19172e-14 3.38055e-23 13.8485
0.0001 0.00095 318.41 63.0014 69.6063 -1.85741e-15 3.81434e-18 6.87895e-11 63.0014 181.39 70.9932 -5.51328e-15 1.13221e-17 2.04186e-10 69.6063 70.9932 231.083 -2.11269e-15 4.3386e-18 7.82438e-11 -1.85741e-15 -5.51328e-15 -2.11269e-15 11.7495 2.94248e-12 -1.15117e-14 3.81434e-18 1.13221e-17 4.3386e-18 2.94248e-12 76.9202 3.41196e-23 6.87895e-11 2.04186e-10 7.82438e-11 -1.15117e-14 3.41196e-23 13.2423
0.0001 0.001 318.307 62.7547 69.5097 -1.86705e-15 3.99868e-18 6.90931e-11 62.7547 180.659 70.7122 -5.54193e-15 1.18693e-17 2.05088e-10 69.5097 70.7122 230.965 -2.12364e-15 4.54824e-18 7.85888e-11 -1.86705e-15 -5.54193e-15 -2.12364e-15 11.2655 2.96958e-12 -1.11311e-14 3.99868e-18 1.18693e-17 4.54824e-18 2.96958e-12 76.916 3.44072e-23 6.90931e-11 2.05088e-10 7.85888e-11 -1.11311e-14 3.44072e-23 12.6869
