0.001 0 87.464 34.216 34.216 0 0 0 34.216 87.464 34.216 0 0 0 34.216 34.216 87.464 0 0 0 0 0 0 26.624 0 0 0 0 0 0 26.624 0 0 0 0 0 0 26.624
0.001 0.0001 87.4103 34.0924 34.1676 -3.28316e-16 2.06785e-20 5.73234e-13 34.0924 87.1346 34.0924 -8.75015e-16 5.51015e-20 1.52776e-12 34.1676 34.0924 87.4103 -3.28316e-16 2.06751e-20 5.73234e-13 -3.28316e-16 -8.75015e-16 -3.28316e-16 25.2755 3.28596e-14 -9.32723e-17 2.06785e-20 5.51015e-20 2.06751e-20 3.28596e-14 26.6213 -3.76824e-22 5.73234e-13 1.52776e-12 5.73234e-13 -9.32723e-17 -3.76824e-22 25.2755
0.001 0.0002 87.3569 33.9697 34.1196 -6.22633e-16 4.11978e-20 1.08711e-12 33.9697 86.8077 33.9697 -1.65941e-15 1.09778e-19 2.8973e-12 34.1196 33.9697 87.3569 -6.22633e-16 4.11911e-20 1.08711e-12 -6.22633e-16 -1.65941e-15 -6.22633e-16 24.057 6.25448e-14 -1.68992e-16 4.11978e-20 1.09778e-19 4.11911e-20 6.25448e-14 26.6187 -7.17244e-22 1.08711e-12 2.8973e-12 1.08711e-12 -1.68992e-16 -7.17244e-22 24.057
0.001 0.0003 87.3039 33.848 34.0719 -8.87668e-16 6.15597e-20 1.54985e-12 33.848 86.4832 33.848 -2.36576e-15 1.64035e-19 4.13058e-12 34.0719 33.848 87.3039 -8.87669e-16 6.15496e-20 1.54985e-12 -8.87668e-16 -2.36576e-15 -8.87669e-16 22.9506 8.94935e-14 -2.30708e-16 6.15597e-20 1.64035e-19 6.15496e-20 8.94935e-14 26.616 -1.02628e-21 1.54985e-12 4.13058e-12 1.54985e-12 -2.30708e-16 -1.02628e-21 22.9506
0.001 0.0004 87.2512 33.7271 34.0246 -1.12731e-15 8.1766e-20 1.96826e-12 33.7271 86.1611 33.7271 -3.00442e-15 2.17877e-19 5.24566e-12 34.0246 33.7271 87.2512 -1.12731e-15 8.17526e-20 1.96826e-12 -1.12731e-15 -3.00442e-15 -1.12731e-15 21.9415 1.14067e-13 -2.81155e-16 8.1766e-20 2.17877e-19 8.17526e-20 1.14067e-13 26.6133 -1.30808e-21 1.96826e-12 5.24566e-12 1.96826e-12 -2.81155e-16 -1.30808e-21 21.9415
0.001 0.0005 87.1989 33.6072 33.9775 -1.34478e-15 1.01818e-19 2.34797e-12 33.6072 85.8414 33.6072 -3.584e-15 2.71308e-19 6.2576e-12 33.9775 33.6072 87.1989 -1.34478e-15 1.01802e-19 2.34797e-12 -1.34478e-15 -3.584e-15 -1.34478e-15 21.0174 1.36565e-13 -3.22464e-16 1.01818e-19 2.71308e-19 1.01802e-19 1.36565e-13 26.6107 -1.56608e-21 2.34797e-12 6.2576e-12 2.34797e-12 -3.22464e-16 -1.56608e-21 21.0174
0.001 0.0006 87.1469 33.4881 33.9309 -1.5428e-15 1.21719e-19 2.6937e-12 33.4881 85.5241 33.4881 -4.11172e-15 3.24333e-19 7.17899e-12 33.9309 33.4881 87.1469 -1.5428e-15 1.21698e-19 2.6937e-12 -1.5428e-15 -4.11172e-15 -1.5428e-15 20.168 1.57239e-13 -3.56311e-16 1.21719e-19 3.24333e-19 1.21698e-19 1.57239e-13 26.608 -1.80316e-21 2.6937e-12 7.17899e-12 2.6937e-12 -3.56311e-16 -1.80316e-21 20.168
0.001 0.0007 87.0952 33.3699 33.8845 -1.72365e-15 1.41468e-19 3.00946e-12 33.3699 85.2091 33.3699 -4.59368e-15 3.76957e-19 8.02048e-12 33.8845 33.3699 87.0952 -1.72365e-15 1.41445e-19 3.00946e-12 -1.72365e-15 -4.59368e-15 -1.72365e-15 19.3846 1.76302e-13 -3.84028e-16 1.41468e-19 3.76957e-19 1.41445e-19 1.76302e-13 26.6054 -2.02177e-21 3.00946e-12 8.02048e-12 3.00946e-12 -3.84028e-16 -2.02177e-21 19.3846
0.001 0.0008 87.0439 33.2526 33.8385 -1.88927e-15 1.61069e-19 3.29863e-12 33.2526 84.8964 33.2526 -5.03506e-15 4.29183e-19 8.79113e-12 33.8385 33.2526 87.0439 -1.88927e-15 1.61042e-19 3.29863e-12 -1.88927e-15 -5.03506e-15 -1.88927e-15 18.6597 1.93934e-13 -4.06681e-16 1.61069e-19 4.29183e-19 1.61042e-19 1.93934e-13 26.6027 -2.22397e-21 3.29863e-12 8.79113e-12 3.29863e-12 -4.06681e-16 -2.22397e-21 18.6597
0.001 0.0009 86.9928 33.1361 33.7928 -2.04133e-15 1.80523e-19 3.56413e-12 33.1361 84.5861 33.1361 -5.4403e-15 4.81017e-19 9.49867e-12 33.7928 33.1361 86.9928 -2.04133e-15 1.80493e-19 3.56413e-12 -2.04133e-15 -5.4403e-15 -2.04133e-15 17.9872 2.10291e-13 -4.25129e-16 1.80523e-19 4.81017e-19 1.80493e-19 2.10291e-13 26.6 -2.41155e-21 3.56413e-12 9.49867e-12 3.56413e-12 -4.25129e-16 -2.41155e-21 17.9872
0.001 0.001 86.9421 33.0205 33.7474 -2.18127e-15 1.99831e-19 3.80846e-12 33.0205 84.2779 33.0205 -5.81321e-15 5.32462e-19 1.01498e-11 33.7474 33.0205 86.9421 -2.18127e-15 1.99797e-19 3.80846e-12 -2.18127e-15 -5.81321e-15 -2.18127e-15 17.3614 2.25505e-13 -4.40069e-16 1.99831e-19 5.32462e-19 1.99797e-19 2.25505e-13 26.5974 -2.58602e-21 3.80846e-12 1.01498e-11 3.80846e-12 -4.40069e-16 -2.58602e-21 17.3614
0.001 0.0011 86.8917 32.9057 33.7023 -2.31031e-15 2.18995e-19 4.03377e-12 32.9057 83.9721 32.9057 -6.1571e-15 5.83523e-19 1.07502e-11 33.7023 32.9057 86.8917 -2.31031e-15 2.18958e-19 4.03377e-12 -2.31031e-15 -6.1571e-15 -2.31031e-15 16.7777 2.39692e-13 -4.52073e-16 2.18995e-19 5.83523e-19 2.18958e-19 2.39692e-13 26.5947 -2.7487e-21 4.03377e-12 1.07502e-11 4.03377e-12 -4.52073e-16 -2.7487e-21 16.7777
0.001 0.0012 86.8417 32.7918 33.6576 -2.42955e-15 2.38017e-19 4.24196e-12 32.7918 83.6684 32.7918 -6.47485e-15 6.34204e-19 1.1305e-11 33.6576 32.7918 86.8417 -2.42955e-15 2.37976e-19 4.24195e-12 -2.42955e-15 -6.47485e-15 -2.42955e-15 16.2319 2.52951e-13 -4.6161e-16 2.38017e-19 6.34204e-19 2.37976e-19 2.52951e-13 26.592 -2.90076e-21 4.24196e-12 1.1305e-11 4.24195e-12 -4.6161e-16 -2.90076e-21 16.2319
0.001 0.0013 86.7919 32.6786 33.6131 -2.53992e-15 2.56897e-19 4.43466e-12 32.6786 83.3669 32.6786 -6.76896e-15 6.84509e-19 1.18185e-11 33.6131 32.6786 86.7919 -2.53992e-15 2.56854e-19 4.43466e-12 -2.53992e-15 -6.76896e-15 -2.53992e-15 15.7206 2.65371e-13 -4.69066e-16 2.56897e-19 6.84509e-19 2.56854e-19 2.65371e-13 26.5894 -3.04319e-21 4.43466e-12 1.18185e-11 4.43466e-12 -4.69066e-16 -3.04319e-21 15.7206
0.001 0.0014 86.7424 32.5663 33.569 -2.64225e-15 2.75639e-19 4.61332e-12 32.5663 83.0676 32.5663 -7.04163e-15 7.34442e-19 1.22946e-11 33.569 32.5663 86.7424 -2.64225e-15 2.75592e-19 4.61332e-12 -2.64225e-15 -7.04163e-15 -2.64225e-15 15.2405 2.77029e-13 -4.74764e-16 2.75639e-19 7.34442e-19 2.75592e-19 2.77029e-13 26.5867 -3.17687e-21 4.61332e-12 1.22946e-11 4.61332e-12 -4.74764e-16 -3.17687e-21 15.2405
0.001 0.0015 86.6933 32.4548 33.5251 -2.73726e-15 2.94242e-19 4.77921e-12 32.4548 82.7704 32.4548 -7.29482e-15 7.84008e-19 1.27366e-11 33.5251 32.4548 86.6933 -2.73726e-15 2.94192e-19 4.77921e-12 -2.73726e-15 -7.29482e-15 -2.73726e-15 14.7888 2.87991e-13 -4.78973e-16 2.94242e-19 7.84008e-19 2.94192e-19 2.87991e-13 26.5841 -3.30259e-21 4.77921e-12 1.27366e-11 4.77921e-12 -4.78973e-16 -3.30259e-21 14.7888
0.001 0.0016 86.6444 32.3441 33.4816 -2.82561e-15 3.12709e-19 4.93346e-12 32.3441 82.4754 32.3441 -7.53023e-15 8.33209e-19 1.31476e-11 33.4816 32.3441 86.6444 -2.82561e-15 3.12656e-19 4.93346e-12 -2.82561e-15 -7.53023e-15 -2.82561e-15 14.3632 2.98319e-13 -4.81918e-16 3.12709e-19 8.33209e-19 3.12656e-19 2.98319e-13 26.5814 -3.42103e-21 4.93346e-12 1.31476e-11 4.93346e-12 -4.81918e-16 -3.42103e-21 14.3632
0.001 0.0017 86.5958 32.2342 33.4383 -2.90786e-15 3.31041e-19 5.07707e-12 32.2342 82.1824 32.2342 -7.74939e-15 8.8205e-19 1.35303e-11 33.4383 32.2342 86.5958 -2.90786e-15 3.30984e-19 5.07706e-12 -2.90786e-15 -7.74939e-15 -2.90786e-15 13.9613 3.08066e-13 -4.83788e-16 3.31041e-19 8.8205e-19 3.30984e-19 3.08066e-13 26.5788 -3.5328e-21 5.07707e-12 1.35303e-11 5.07706e-12 -4.83788e-16 -3.5328e-21 13.9613
0.001 0.0018 86.5476 32.125 33.3954 -2.98452e-15 3.4924e-19 5.21092e-12 32.125 81.8915 32.125 -7.95365e-15 9.30535e-19 1.38869e-11 33.3954 32.125 86.5476 -2.98452e-15 3.49179e-19 5.21091e-12 -2.98452e-15 -7.95365e-15 -2.98452e-15 13.5814 3.17278e-13 -4.84743e-16 3.4924e-19 9.30535e-19 3.49179e-19 3.17278e-13 26.5761 -3.63844e-21 5.21092e-12 1.38869e-11 5.21091e-12 -4.84743e-16 -3.63844e-21 13.5813
0.001 0.0019 86.4996 32.0166 33.3527 -3.05605e-15 3.67306e-19 5.33581e-12 32.0166 81.6027 32.0166 -8.14425e-15 9.78668e-19 1.42197e-11 33.3527 32.0166 86.4996 -3.05605e-15 3.67243e-19 5.33581e-12 -3.05605e-15 -8.14425e-15 -3.05605e-15 13.2215 3.25999e-13 -4.84919e-16 3.67306e-19 9.78668e-19 3.67243e-19 3.25999e-13 26.5734 -3.73845e-21 5.33581e-12 1.42197e-11 5.33581e-12 -4.84919e-16 -3.73845e-21 13.2215
0.001 0.002 86.4519 31.909 33.3103 -3.12286e-15 3.85242e-19 5.45245e-12 31.909 81.3159 31.909 -8.32225e-15 1.02645e-18 1.45305e-11 33.3103 31.909 86.4519 -3.12286e-15 3.85175e-19 5.45245e-12 -3.12286e-15 -8.32225e-15 -3.12286e-15 12.8803 3.34266e-13 -4.84432e-16 3.85242e-19 1.02645e-18 3.85175e-19 3.34266e-13 26.5708 -3.83325e-21 5.45245e-12 1.45305e-11 5.45245e-12 -4.84432e-16 -3.83325e-21 12.8803
