0.001 0 226.3 84.5 81.5 0.4 3.4 0.3 84.5 218.5 82.9 -1.8 1.2 0.3 81.5 82.9 208 -1.3 6.1 0.2 0.4 -1.8 -1.3 64.9 -0.1 -1.9 3.4 1.2 6.1 -0.1 68.7 0.3 0.3 0.3 0.2 -1.9 0.3 66.6
0.001 0.0001 221.768 86.8418 81.0007 0.341402 3.24 0.284006 86.8418 214.395 82.3494 -1.69865 1.20346 0.282783 81.0007 82.3494 207.693 -1.26313 5.9265 0.188063 0.341402 -1.69865 -1.26313 63.2259 -0.0951337 -1.76459 3.24 1.20346 5.9265 -0.0951337 66.8295 0.278106 0.284006 0.282783 0.188063 -1.76459 0.278106 63.4873
0.001 0.0002 217.575 88.8897 80.5062 0.290434 3.09346 0.269424 88.8897 210.589 81.808 -1.60698 1.20242 0.267252 80.5062 81.808 207.39 -1.22821 5.76226 0.177289 0.290434 -1.60698 -1.22821 61.6362 -0.0905929 -1.64351 3.09346 1.20242 5.76226 -0.0905929 65.0582 0.258569 0.269424 0.267252 0.177289 -1.64351 0.258569 60.6526
0.001 0.0003 213.679 90.684 80.0166 0.245923 2.95871 0.256084 90.684 207.046 81.2752 -1.52369 1.19781 0.253175 80.0166 81.2752 207.092 -1.1951 5.60656 0.167523 0.245923 -1.52369 -1.1951 60.1248 -0.0863524 -1.53476 2.95871 1.19781 5.60656 -0.0863524 63.3784 0.241056 0.256084 0.253175 0.167523 -1.53476 0.241056 58.0603
0.001 0.0004 210.043 92.258 79.532 0.206913 2.83436 0.243837 92.258 203.732 80.7508 -1.4477 1.19036 0.240361 79.532 80.7508 206.798 -1.16365 5.45875 0.158634 0.206913 -1.4477 -1.16365 58.6859 -0.0823887 -1.43669 2.83436 1.19036 5.45875 -0.0823887 61.7832 0.225293 0.243837 0.240361 0.158634 -1.43669 0.225293 55.6805
0.001 0.0005 206.638 93.6399 79.0524 0.172612 2.71923 0.232561 93.6399 200.621 80.2343 -1.37812 1.18066 0.228651 79.0524 80.2343 206.508 -1.13375 5.31827 0.150515 0.172612 -1.37812 -1.13375 57.3144 -0.0786802 -1.34792 2.71923 1.18066 5.31827 -0.0786802 60.2665 0.211051 0.232561 0.228651 0.150515 -1.34792 0.211051 53.4882
0.001 0.0006 203.436 94.8531 78.5779 0.142363 2.61232 0.222148 94.8531 197.691 79.7256 -1.31419 1.16918 0.21791 78.5779 79.7256 206.222 -1.10528 5.18458 0.143073 0.142363 -1.31419 -1.10528 56.0057 -0.0752069 -1.26729 2.61232 1.16918 5.18458 -0.0752069 58.8224 0.198137 0.222148 0.21791 0.143073 -1.26729 0.198137 51.462
0.001 0.0007 200.417 95.9177 78.1084 0.115618 2.51276 0.212507 95.9177 194.923 79.2242 -1.25526 1.1563 0.208024 78.1084 79.2242 205.939 -1.07814 5.0572 0.136232 0.115618 -1.25526 -1.07814 54.7556 -0.0719505 -1.19382 2.51276 1.1563 5.0572 -0.0719505 57.446 0.186389 0.212507 0.208024 0.136232 -1.19382 0.186389 49.5837
0.001 0.0008 197.561 96.8509 77.6441 0.0919154 2.41982 0.203558 96.8509 192.3 78.73 -1.20077 1.14235 0.198899 77.6441 78.73 205.66 -1.05224 4.93571 0.129923 0.0919154 -1.20077 -1.05224 53.5601 -0.0688943 -1.12667 2.41982 1.14235 4.93571 -0.0688943 56.1325 0.17567 0.203558 0.198899 0.129923 -1.12667 0.17567 47.8378
0.001 0.0009 194.853 97.6673 77.1847 0.0708643 2.33285 0.195231 97.6673 189.807 78.2428 -1.15027 1.12757 0.19045 77.1847 78.2428 205.385 -1.0275 4.8197 0.124089 0.0708643 -1.15027 -1.0275 52.4158 -0.066023 -1.06512 2.33285 1.12757 4.8197 -0.066023 54.8778 0.16586 0.195231 0.19045 0.124089 -1.06512 0.16586 46.2106
0.001 0.001 192.279 98.3797 76.7305 0.0521332 2.25129 0.187467 98.3797 187.433 77.7623 -1.10333 1.11216 0.182608 76.7305 77.7623 205.114 -1.00383 4.70882 0.118682 0.0521332 -1.10333 -1.00383 51.3195 -0.0633225 -1.00856 2.25129 1.11216 4.70882 -0.0633225 53.6779 0.156859 0.187467 0.182608 0.118682 -1.00856 0.156859 44.6905
0.001 0.0011 189.825 98.999 76.2812 0.0354384 2.17465 0.180213 98.999 185.167 77.2883 -1.0596 1.09631 0.17531 76.2812 77.2883 204.846 -0.981184 4.60274 0.113658 0.0354384 -1.0596 -0.981184 50.2681 -0.06078 -0.956461 2.17465 1.09631 4.60274 -0.06078 52.5295 0.14858 0.180213 0.17531 0.113658 -0.956461 0.14858 43.2673
0.001 0.0012 187.483 99.5349 75.8368 0.0205368 2.1025 0.173421 99.5349 182.999 76.8207 -1.01878 1.08015 0.168504 75.8368 76.8207 204.581 -0.959483 4.50116 0.108979 0.0205368 -1.01878 -0.959483 49.259 -0.058384 -0.908351 2.1025 1.08015 4.50116 -0.058384 51.4291 0.140945 0.173421 0.168504 0.108979 -0.908351 0.140945 41.9319
0.001 0.0013 185.241 99.9959 75.3974 0.00721893 2.03445 0.167051 99.9959 180.922 76.3592 -0.980581 1.0638 0.162141 75.3974 76.3592 204.319 -0.938673 4.4038 0.104613 0.00721893 -0.980581 -0.938673 48.2897 -0.0561236 -0.863831 2.03445 1.0638 4.4038 -0.0561236 50.374 0.133891 0.167051 0.162141 0.104613 -0.863831 0.133891 40.6765
0.001 0.0014 183.093 100.389 74.9628 -0.00469657 1.97017 0.161066 100.389 178.927 75.9038 -0.944778 1.04735 0.156182 74.9628 75.9038 204.061 -0.918701 4.3104 0.100531 -0.00469657 -0.944778 -0.918701 47.3578 -0.0539892 -0.822548 1.97017 1.04735 4.3104 -0.0539892 49.3612 0.127357 0.161066 0.156182 0.100531 -0.822548 0.127357 39.4941
0.001 0.0015 181.03 100.722 74.5331 -0.015367 1.90935 0.155434 100.722 177.009 75.4543 -0.911155 1.03087 0.150591 74.5331 75.4543 203.805 -0.899517 4.22073 0.0967073 -0.015367 -0.911155 -0.899517 46.4612 -0.0519718 -0.784193 1.90935 1.03087 4.22073 -0.0519718 48.3884 0.121295 0.155434 0.150591 0.0967073 -0.784193 0.121295 38.3785
0.001 0.0016 179.046 100.999 74.108 -0.0249293 1.85172 0.150125 100.999 175.161 75.0104 -0.879525 1.01443 0.145334 74.108 75.0104 203.553 -0.881076 4.13457 0.093119 -0.0249293 -0.879525 -0.881076 45.598 -0.0500632 -0.748491 1.85172 1.01443 4.13457 -0.0500632 47.4532 0.11566 0.150125 0.145334 0.093119 -0.748491 0.11566 37.3242
0.001 0.0017 177.135 101.226 73.6877 -0.0335033 1.79704 0.145114 101.226 173.379 74.5722 -0.849721 0.998083 0.140384 73.6877 74.5722 203.304 -0.863336 4.05173 0.0897462 -0.0335033 -0.849721 -0.863336 44.7664 -0.0482559 -0.7152 1.79704 0.998083 4.05173 -0.0482559 46.5535 0.110411 0.145114 0.140384 0.0897462 -0.7152 0.110411 36.3263
0.001 0.0018 175.293 101.407 73.272 -0.0411939 1.74508 0.140377 101.407 171.658 74.1395 -0.821595 0.98187 0.135715 73.272 74.1395 203.058 -0.846258 3.97201 0.0865709 -0.0411939 -0.821595 -0.846258 43.9645 -0.046543 -0.684107 1.74508 0.98187 3.97201 -0.046543 45.6873 0.105514 0.140377 0.135715 0.0865709 -0.684107 0.105514 35.3803
0.001 0.0019 173.513 101.547 72.8608 -0.0480934 1.69567 0.135894 101.547 169.994 73.7121 -0.795013 0.965825 0.131305 72.8608 73.7121 202.814 -0.829807 3.89525 0.0835772 -0.0480934 -0.795013 -0.829807 43.1909 -0.0449181 -0.655019 1.69567 0.965825 3.89525 -0.0449181 44.8527 0.100939 0.135894 0.131305 0.0835772 -0.655019 0.100939 34.4824
0.001 0.002 171.793 101.649 72.4542 -0.0542832 1.6486 0.131644 101.649 168.382 73.2899 -0.769855 0.949976 0.127133 72.4542 73.2899 202.573 -0.813948 3.82128 0.0807506 -0.0542832 -0.769855 -0.813948 42.444 -0.0433755 -0.627767 1.6486 0.949976 3.82128 -0.0433755 44.0481 0.0966563 0.131644 0.127133 0.0807506 -0.627767 0.0966563 33.629
