0.001 0 226.785 82.9713 86.5449 0 0 0 82.9713 226.785 86.5449 0 0 0 86.5449 86.5449 217.563 0 0 0 0 0 0 65.333 0 0 0 0 0 0 65.333 0 0 0 0 0 0 71.9068
0.001 0.0001 226.488 82.1992 86.2497 -2.72135e-15 -3.94413e-20 3.94027e-12 82.1992 224.636 85.7385 -7.57277e-15 -1.09791e-19 1.09647e-11 86.2497 85.7385 217.242 -2.84206e-15 -4.11835e-20 4.11505e-12 -2.72135e-15 -7.57277e-15 -2.84206e-15 62.0603 7.94901e-14 -1.70038e-16 -3.94413e-20 -1.09791e-19 -4.11835e-20 7.94901e-14 65.3265 1.92306e-21 3.94027e-12 1.09647e-11 4.11505e-12 -1.70038e-16 1.92306e-21 68.154
0.001 0.0002 226.196 81.4415 85.9599 -5.13443e-15 -7.81342e-20 7.41936e-12 81.4415 222.528 84.9472 -1.42877e-14 -2.17498e-19 2.0646e-11 85.9599 84.9472 216.927 -5.36217e-15 -8.15855e-20 7.74845e-12 -5.13443e-15 -1.42877e-14 -5.36217e-15 59.0998 1.51381e-13 -3.07788e-16 -7.81342e-20 -2.17498e-19 -8.15855e-20 1.51381e-13 65.3199 3.65498e-21 7.41936e-12 2.0646e-11 7.74845e-12 -3.07788e-16 3.65498e-21 64.7734
0.001 0.0003 225.909 80.6979 85.6755 -7.28263e-15 -1.161e-19 1.05045e-11 80.6979 220.459 84.1707 -2.02655e-14 -3.23181e-19 2.92311e-11 85.6755 84.1707 216.617 -7.60567e-15 -1.21228e-19 1.09705e-11 -7.28263e-15 -2.02655e-14 -7.60567e-15 56.4089 2.16711e-13 -4.19837e-16 -1.161e-19 -3.23181e-19 -1.21228e-19 2.16711e-13 65.3134 5.22286e-21 1.05045e-11 2.92311e-11 1.09705e-11 -4.19837e-16 5.22286e-21 61.7123
0.001 0.0004 225.627 79.9681 85.3961 -9.20176e-15 -1.53358e-19 1.32508e-11 79.9681 218.428 83.4084 -2.56058e-14 -4.26896e-19 3.68731e-11 85.3961 83.4084 216.312 -9.60992e-15 -1.60131e-19 1.38386e-11 -9.20176e-15 -2.56058e-14 -9.60992e-15 53.9524 2.76337e-13 -5.11244e-16 -1.53358e-19 -4.26896e-19 -1.60131e-19 2.76337e-13 65.3068 6.6489e-21 1.32508e-11 3.68731e-11 1.38386e-11 -5.11244e-16 6.6489e-21 58.9275
0.001 0.0005 225.35 79.2515 85.1218 -1.09216e-14 -1.89928e-19 1.57037e-11 79.2515 216.434 82.6601 -3.03916e-14 -5.28695e-19 4.36987e-11 85.1218 82.6601 216.013 -1.1406e-14 -1.98316e-19 1.64002e-11 -1.09216e-14 -3.03916e-14 -1.1406e-14 51.7009 3.30973e-13 -5.85946e-16 -1.89928e-19 -5.28695e-19 -1.98316e-19 3.30973e-13 65.3003 7.95148e-21 1.57037e-11 4.36987e-11 1.64002e-11 -5.85946e-16 7.95148e-21 56.3832
0.001 0.0006 225.078 78.5479 84.8523 -1.24671e-14 -2.25829e-19 1.79011e-11 78.5479 214.476 81.9253 -3.46922e-14 -6.28632e-19 4.98132e-11 84.8523 81.9253 215.719 -1.30201e-14 -2.35802e-19 1.86951e-11 -1.24671e-14 -3.46922e-14 -1.30201e-14 49.6298 3.8122e-13 -6.47031e-16 -2.25829e-19 -6.28632e-19 -2.35802e-19 3.8122e-13 65.2938 9.14593e-21 1.79011e-11 4.98132e-11 1.86951e-11 -6.47031e-16 9.14593e-21 54.0495
0.001 0.0007 224.81 77.857 84.5876 -1.38594e-14 -2.61078e-19 1.98747e-11 77.857 212.553 81.2037 -3.85664e-14 -7.26755e-19 5.53053e-11 84.5876 81.2037 215.43 -1.44741e-14 -2.72608e-19 2.07563e-11 -1.38594e-14 -3.85664e-14 -1.44741e-14 47.7182 4.27583e-13 -6.96947e-16 -2.61078e-19 -7.26755e-19 -2.72608e-19 4.27583e-13 65.2872 1.02451e-20 1.98747e-11 5.53053e-11 2.07563e-11 -6.96947e-16 1.02451e-20 51.9013
0.001 0.0008 224.547 77.1783 84.3275 -1.51163e-14 -2.95694e-19 2.16517e-11 77.1783 210.665 80.4949 -4.20641e-14 -8.23115e-19 6.02498e-11 84.3275 80.4949 215.145 -1.57868e-14 -3.08752e-19 2.2612e-11 -1.51163e-14 -4.20641e-14 -1.57868e-14 45.9484 4.70496e-13 -7.37652e-16 -2.95694e-19 -8.23115e-19 -3.08752e-19 4.70496e-13 65.2807 1.126e-20 2.16517e-11 6.02498e-11 2.2612e-11 -7.37652e-16 1.126e-20 49.9173
0.001 0.0009 224.287 76.5115 84.0718 -1.62533e-14 -3.29692e-19 2.32547e-11 76.5115 208.81 79.7986 -4.52279e-14 -9.17756e-19 6.47104e-11 84.0718 79.7986 214.866 -1.69743e-14 -3.44251e-19 2.42862e-11 -1.62533e-14 -4.52279e-14 -1.69743e-14 44.3052 5.10327e-13 -7.7072e-16 -3.29692e-19 -9.17756e-19 -3.44251e-19 5.10327e-13 65.2742 1.21999e-20 2.32547e-11 6.47104e-11 2.42862e-11 -7.7072e-16 1.21999e-20 48.0794
0.001 0.001 224.033 75.8564 83.8206 -1.72835e-14 -3.6309e-19 2.47035e-11 75.8564 206.987 79.1144 -4.80945e-14 -1.01073e-18 6.87418e-11 83.8206 79.1144 214.591 -1.80502e-14 -3.79122e-19 2.57992e-11 -1.72835e-14 -4.80945e-14 -1.80502e-14 42.7755 5.47398e-13 -7.97428e-16 -3.6309e-19 -1.01073e-18 -3.79122e-19 5.47398e-13 65.2677 1.30728e-20 2.47035e-11 6.87418e-11 2.57992e-11 -7.97428e-16 1.30728e-20 46.3721
0.001 0.0011 223.782 75.2127 83.5735 -1.82183e-14 -3.95902e-19 2.60149e-11 75.2127 205.195 78.4421 -5.06957e-14 -1.10206e-18 7.23908e-11 83.5735 78.4421 214.32 -1.90264e-14 -4.13383e-19 2.71688e-11 -1.82183e-14 -5.06957e-14 -1.90264e-14 41.3479 5.81983e-13 -8.18819e-16 -3.95902e-19 -1.10206e-18 -4.13383e-19 5.81983e-13 65.2611 1.38855e-20 2.60149e-11 7.23908e-11 2.71688e-11 -8.18819e-16 1.38855e-20 44.7819
0.001 0.0012 223.535 74.58 83.3307 -1.90677e-14 -4.28144e-19 2.72035e-11 74.58 203.435 77.7814 -5.3059e-14 -1.19182e-18 7.56983e-11 83.3307 77.7814 214.053 -1.99134e-14 -4.47047e-19 2.84101e-11 -1.90677e-14 -5.3059e-14 -1.99134e-14 40.0125 6.14325e-13 -8.35748e-16 -4.28144e-19 -1.19182e-18 -4.47047e-19 6.14325e-13 65.2546 1.46441e-20 2.72035e-11 7.56983e-11 2.84101e-11 -8.35748e-16 1.46441e-20 43.2971
0.001 0.0013 223.292 73.958 83.0918 -1.98402e-14 -4.59829e-19 2.8282e-11 73.958 201.704 77.1318 -5.52085e-14 -1.28002e-18 7.86994e-11 83.0918 77.1318 213.791 -2.07202e-14 -4.80131e-19 2.95365e-11 -1.98402e-14 -5.52085e-14 -2.07202e-14 38.7606 6.44632e-13 -8.4892e-16 -4.59829e-19 -1.28002e-18 -4.80131e-19 6.44632e-13 65.2481 1.53538e-20 2.8282e-11 7.86994e-11 2.95365e-11 -8.4892e-16 1.53538e-20 41.9076
0.001 0.0014 223.052 73.3465 82.8569 -2.05434e-14 -4.90974e-19 2.92616e-11 73.3465 200.003 76.4932 -5.71653e-14 -1.36672e-18 8.14251e-11 82.8569 76.4932 213.533 -2.14546e-14 -5.12649e-19 3.05595e-11 -2.05434e-14 -5.71653e-14 -2.14546e-14 37.5847 6.73091e-13 -8.58922e-16 -4.90974e-19 -1.36672e-18 -5.12649e-19 6.73091e-13 65.2415 1.60192e-20 2.92616e-11 8.14251e-11 3.05595e-11 -8.58922e-16 1.60192e-20 40.6045
0.001 0.0015 222.817 72.7453 82.6259 -2.1184e-14 -5.2159e-19 3.0152e-11 72.7453 198.33 75.8653 -5.89478e-14 -1.45195e-18 8.39025e-11 82.6259 75.8653 213.279 -2.21236e-14 -5.44616e-19 3.14894e-11 -2.1184e-14 -5.89478e-14 -2.21236e-14 36.4781 6.99865e-13 -8.66242e-16 -5.2159e-19 -1.45195e-18 -5.44616e-19 6.99865e-13 65.235 1.66441e-20 3.0152e-11 8.39025e-11 3.14894e-11 -8.66242e-16 1.66441e-20 39.38
0.001 0.0016 222.585 72.154 82.3986 -2.17679e-14 -5.51691e-19 3.09617e-11 72.154 196.684 75.2478 -6.05725e-14 -1.53574e-18 8.61554e-11 82.3986 75.2478 213.029 -2.27335e-14 -5.76045e-19 3.2335e-11 -2.17679e-14 -6.05725e-14 -2.27335e-14 35.4348 7.25099e-13 -8.71289e-16 -5.51691e-19 -1.53574e-18 -5.76045e-19 7.25099e-13 65.2285 1.72323e-20 3.09617e-11 8.61554e-11 3.2335e-11 -8.71289e-16 1.72323e-20 38.2272
0.001 0.0017 222.356 71.5725 82.1749 -2.23004e-14 -5.8129e-19 3.16982e-11 71.5725 195.066 74.6405 -6.20539e-14 -1.61814e-18 8.82048e-11 82.1749 74.6405 212.783 -2.32895e-14 -6.0695e-19 3.31042e-11 -2.23004e-14 -6.20539e-14 -2.32895e-14 34.4494 7.4892e-13 -8.74406e-16 -5.8129e-19 -1.61814e-18 -6.0695e-19 7.4892e-13 65.222 1.77868e-20 3.16982e-11 8.82048e-11 3.31042e-11 -8.74406e-16 1.77868e-20 37.14
0.001 0.0018 222.131 71.0005 81.9548 -2.27859e-14 -6.10399e-19 3.23684e-11 71.0005 193.475 74.0431 -6.34049e-14 -1.69917e-18 9.00695e-11 81.9548 74.0431 212.54 -2.37966e-14 -6.37342e-19 3.38041e-11 -2.27859e-14 -6.34049e-14 -2.37966e-14 33.5174 7.71444e-13 -8.75882e-16 -6.10399e-19 -1.69917e-18 -6.37342e-19 7.71444e-13 65.2155 1.83104e-20 3.23684e-11 9.00695e-11 3.38041e-11 -8.75882e-16 1.83104e-20 36.1129
0.001 0.0019 221.909 70.4377 81.7382 -2.32287e-14 -6.3903e-19 3.29781e-11 70.4377 191.909 73.4554 -6.46369e-14 -1.77887e-18 9.1766e-11 81.7382 73.4554 212.301 -2.4259e-14 -6.67236e-19 3.44409e-11 -2.32287e-14 -6.46369e-14 -2.4259e-14 32.6345 7.92772e-13 -8.75964e-16 -6.3903e-19 -1.77887e-18 -6.67236e-19 7.92772e-13 65.2089 1.88057e-20 3.29781e-11 9.1766e-11 3.44409e-11 -8.75964e-16 1.88057e-20 35.1411
0.001 0.002 221.691 69.8839 81.525 -2.36324e-14 -6.67194e-19 3.35328e-11 69.8839 190.368 72.877 -6.57603e-14 -1.85728e-18 9.33092e-11 81.525 72.877 212.066 -2.46807e-14 -6.96642e-19 3.50201e-11 -2.36324e-14 -6.57603e-14 -2.46807e-14 31.797 8.12998e-13 -8.74859e-16 -6.67194e-19 -1.85728e-18 -6.96642e-19 8.12998e-13 65.2024 1.92748e-20 3.35328e-11 9.33092e-11 3.50201e-11 -8.74859e-16 1.92748e-20 34.2202
