0.01 0 224.158 83.6961 85.7138 0 0 0 83.6961 224.158 85.7138 0 0 0 85.7138 85.7138 213.777 0 0 0 0 0 0 65.5969 0 0 0 0 0 0 65.5969 0 0 0 0 0 0 70.2309
0.01 0.0002 223.762 82.7169 85.337 2.33573e-16 6.1175e-19 -7.21845e-15 82.7169 221.471 84.7096 6.40967e-16 1.6788e-18 -1.98082e-14 85.337 84.7096 213.365 2.39546e-16 6.27294e-19 -7.40295e-15 2.33573e-16 6.40967e-16 2.39546e-16 64.8928 -2.12102e-16 2.4155e-17 6.1175e-19 1.6788e-18 6.27294e-19 -2.12102e-16 65.5836 -1.53825e-21 -7.21845e-15 -1.98082e-14 -7.40295e-15 2.4155e-17 -1.53825e-21 69.4592
0.01 0.0004 223.375 81.761 84.9689 4.56711e-16 1.20877e-18 -1.41109e-14 81.761 218.848 83.7292 1.2533e-15 3.31716e-18 -3.87216e-14 84.9689 83.7292 212.962 4.68391e-16 1.23948e-18 -1.44715e-14 4.56711e-16 1.2533e-15 4.68391e-16 64.2036 -4.19615e-16 4.72775e-17 1.20877e-18 3.31716e-18 1.23948e-18 -4.19615e-16 65.5703 -3.04244e-21 -1.41109e-14 -3.87216e-14 -1.44715e-14 4.72775e-17 -3.04244e-21 68.7042
0.01 0.0006 222.996 80.8274 84.6092 6.69935e-16 1.79157e-18 -2.06937e-14 80.8274 216.286 82.7717 1.83841e-15 4.91649e-18 -5.67851e-14 84.6092 82.7717 212.568 6.87067e-16 1.83708e-18 -2.12226e-14 6.69935e-16 1.83841e-15 6.87067e-16 63.529 -6.22682e-16 6.94164e-17 1.79157e-18 4.91649e-18 1.83708e-18 -6.22682e-16 65.5571 -4.51367e-21 -2.06937e-14 -5.67851e-14 -2.12226e-14 6.94164e-17 -4.51367e-21 67.9654
0.01 0.0008 222.624 79.9154 84.2575 8.73732e-16 2.36064e-18 -2.69823e-14 79.9154 213.783 81.8364 2.39765e-15 6.47815e-18 -7.40411e-14 84.2575 81.8364 212.182 8.96075e-16 2.42061e-18 -2.76719e-14 8.73732e-16 2.39765e-15 8.96075e-16 62.8683 -8.21443e-16 9.06184e-17 2.36064e-18 6.47815e-18 2.42061e-18 -8.21443e-16 65.5438 -5.953e-21 -2.69823e-14 -7.40411e-14 -2.76719e-14 9.06184e-17 -5.953e-21 67.2424
0.01 0.001 222.261 79.0242 83.9137 1.06856e-15 2.91647e-18 -3.29912e-14 79.0242 211.338 80.9225 2.93228e-15 8.00342e-18 -9.05295e-14 83.9137 80.9225 211.803 1.09589e-15 2.99055e-18 -3.38344e-14 1.06856e-15 2.93228e-15 1.09589e-15 62.2213 -1.01603e-15 1.10927e-16 2.91647e-18 8.00342e-18 2.99055e-18 -1.01603e-15 65.5305 -7.36143e-21 -3.29912e-14 -9.05295e-14 -3.38344e-14 1.10927e-16 -7.36143e-21 66.5345
0.01 0.0012 221.904 78.1532 83.5773 1.25486e-15 3.45949e-18 -3.87341e-14 78.1532 208.948 80.0292 3.4435e-15 9.49356e-18 -1.06288e-13 83.5773 80.0292 211.433 1.28695e-15 3.54736e-18 -3.9724e-14 1.25486e-15 3.4435e-15 1.28695e-15 61.5874 -1.20657e-15 1.30384e-16 3.45949e-18 9.49356e-18 3.54736e-18 -1.20657e-15 65.5173 -8.73993e-21 -3.87341e-14 -1.06288e-13 -3.9724e-14 1.30384e-16 -8.73993e-21 65.8415
0.01 0.0014 221.555 77.3017 83.2483 1.43304e-15 3.99015e-18 -4.42239e-14 77.3017 206.611 79.1559 3.93242e-15 1.09497e-17 -1.21351e-13 83.2483 79.1559 211.07 1.46969e-15 4.09148e-18 -4.53542e-14 1.43304e-15 3.93242e-15 1.46969e-15 60.9664 -1.39319e-15 1.49028e-16 3.99015e-18 1.09497e-17 4.09148e-18 -1.39319e-15 65.504 -1.00894e-20 -4.42239e-14 -1.21351e-13 -4.53542e-14 1.49028e-16 -1.00894e-20 65.1627
0.01 0.0016 221.213 76.469 82.9262 1.60349e-15 4.50884e-18 -4.94728e-14 76.469 204.326 78.3019 4.40012e-15 1.23731e-17 -1.35754e-13 82.9262 78.3019 210.714 1.64449e-15 4.62334e-18 -5.07372e-14 1.60349e-15 4.40012e-15 1.64449e-15 60.3577 -1.576e-15 1.66897e-16 4.50884e-18 1.23731e-17 4.62334e-18 -1.576e-15 65.4908 -1.14108e-20 -4.94728e-14 -1.35754e-13 -5.07372e-14 1.66897e-16 -1.14108e-20 64.4977
0.01 0.0018 220.877 75.6546 82.611 1.76656e-15 5.01596e-18 -5.44923e-14 75.6546 202.091 77.4666 4.84758e-15 1.37646e-17 -1.49527e-13 82.611 77.4666 210.366 1.81173e-15 5.14333e-18 -5.58849e-14 1.76656e-15 4.84758e-15 1.81173e-15 59.7611 -1.75512e-15 1.84025e-16 5.01596e-18 1.37646e-17 5.14333e-18 -1.75512e-15 65.4775 -1.27049e-20 -5.44923e-14 -1.49527e-13 -5.58849e-14 1.84025e-16 -1.27049e-20 63.8462
0.01 0.002 220.548 74.8577 82.3024 1.92261e-15 5.51189e-18 -5.92932e-14 74.8577 199.905 76.6494 5.27577e-15 1.51255e-17 -1.62699e-13 82.3024 76.6494 210.024 1.97177e-15 5.65184e-18 -6.08085e-14 1.92261e-15 5.27577e-15 1.97177e-15 59.1761 -1.93066e-15 2.00446e-16 5.51189e-18 1.51255e-17 5.65184e-18 -1.93066e-15 65.4643 -1.39726e-20 -5.92932e-14 -1.62699e-13 -6.08085e-14 2.00446e-16 -1.39726e-20 63.2078
0.01 0.0022 220.224 74.0779 82.0002 2.07196e-15 5.99699e-18 -6.38858e-14 74.0779 197.765 75.8496 5.68557e-15 1.64566e-17 -1.753e-13 82.0002 75.8496 209.688 2.12494e-15 6.14924e-18 -6.55184e-14 2.07196e-15 5.68557e-15 2.12494e-15 58.6025 -2.10271e-15 2.16192e-16 5.99699e-18 1.64566e-17 6.14924e-18 -2.10271e-15 65.4511 -1.52146e-20 -6.38858e-14 -1.753e-13 -6.55184e-14 2.16192e-16 -1.52146e-20 62.5819
0.01 0.0024 219.907 73.3146 81.7041 2.21492e-15 6.4716e-18 -6.82797e-14 73.3146 195.671 75.0668 6.07783e-15 1.77589e-17 -1.87356e-13 81.7041 75.0668 209.359 2.27155e-15 6.63588e-18 -7.00246e-14 2.21492e-15 6.07783e-15 2.27155e-15 58.0399 -2.27138e-15 2.31291e-16 6.4716e-18 1.77589e-17 6.63588e-18 -2.27138e-15 65.4379 -1.64317e-20 -6.82797e-14 -1.87356e-13 -7.00246e-14 2.31291e-16 -1.64317e-20 61.9684
0.01 0.0026 219.596 72.5673 81.414 2.35178e-15 6.93605e-18 -7.24841e-14 72.5673 193.62 74.3004 6.45335e-15 1.90333e-17 -1.98892e-13 81.414 74.3004 209.037 2.41191e-15 7.1121e-18 -7.43364e-14 2.35178e-15 6.45335e-15 2.41191e-15 57.488 -2.43678e-15 2.45773e-16 6.93605e-18 1.90333e-17 7.1121e-18 -2.43678e-15 65.4246 -1.76246e-20 -7.24841e-14 -1.98892e-13 -7.43364e-14 2.45773e-16 -1.76246e-20 61.3667
0.01 0.0028 219.291 71.8355 81.1297 2.48282e-15 7.39065e-18 -7.65078e-14 71.8355 191.612 73.5499 6.81289e-15 2.02807e-17 -2.09931e-13 81.1297 73.5499 208.72 2.5463e-15 7.57823e-18 -7.84629e-14 2.48282e-15 6.81289e-15 2.5463e-15 56.9465 -2.59898e-15 2.59665e-16 7.39065e-18 2.02807e-17 7.57823e-18 -2.59898e-15 65.4114 -1.8794e-20 -7.65078e-14 -2.09931e-13 -7.84629e-14 2.59665e-16 -1.8794e-20 60.7767
0.01 0.003 218.991 71.1187 80.851 2.6083e-15 7.83572e-18 -8.03588e-14 71.1187 189.646 72.8148 7.15718e-15 2.15019e-17 -2.20497e-13 80.851 72.8148 208.408 2.67499e-15 8.03458e-18 -8.24123e-14 2.6083e-15 7.15718e-15 2.67499e-15 56.4151 -2.75808e-15 2.72991e-16 7.83572e-18 2.15019e-17 8.03458e-18 -2.75808e-15 65.3982 -1.99407e-20 -8.03588e-14 -2.20497e-13 -8.24123e-14 2.72991e-16 -1.99407e-20 60.1978
0.01 0.0032 218.696 70.4164 80.5777 2.72847e-15 8.27154e-18 -8.40451e-14 70.4164 187.719 72.0946 7.48688e-15 2.26978e-17 -2.30611e-13 80.5777 72.0946 208.103 2.79823e-15 8.48144e-18 -8.61927e-14 2.72847e-15 7.48688e-15 2.79823e-15 55.8935 -2.91416e-15 2.85777e-16 8.27154e-18 2.26978e-17 8.48144e-18 -2.91416e-15 65.385 -2.10651e-20 -8.40451e-14 -2.30611e-13 -8.61927e-14 2.85777e-16 -2.10651e-20 59.6299
0.01 0.0034 218.406 69.7283 80.3098 2.84356e-15 8.69839e-18 -8.75739e-14 69.7283 185.831 71.3889 7.80265e-15 2.3869e-17 -2.40292e-13 80.3098 71.3889 207.803 2.91627e-15 8.9191e-18 -8.98117e-14 2.84356e-15 7.80265e-15 2.91627e-15 55.3815 -3.06731e-15 2.98045e-16 8.69839e-18 2.3869e-17 8.9191e-18 -3.06731e-15 65.3718 -2.2168e-20 -8.75739e-14 -2.40292e-13 -8.98117e-14 2.98045e-16 -2.2168e-20 59.0726
0.01 0.0036 218.122 69.0539 80.0469 2.9538e-15 9.11654e-18 -9.09523e-14 69.0539 183.981 70.6972 8.10511e-15 2.50163e-17 -2.49561e-13 80.0469 70.6972 207.508 3.02932e-15 9.34784e-18 -9.32764e-14 2.9538e-15 8.10511e-15 3.02932e-15 54.8788 -3.21761e-15 3.09816e-16 9.11654e-18 2.50163e-17 9.34784e-18 -3.21761e-15 65.3586 -2.325e-20 -9.09523e-14 -2.49561e-13 -9.32764e-14 3.09816e-16 -2.325e-20 58.5256
0.01 0.0038 217.842 68.3928 79.789 3.0594e-15 9.52624e-18 -9.41869e-14 68.3928 182.167 70.0192 8.39483e-15 2.61404e-17 -2.58435e-13 79.789 70.0192 207.218 3.13762e-15 9.76792e-18 -9.65936e-14 3.0594e-15 8.39483e-15 3.13762e-15 54.3851 -3.36513e-15 3.21113e-16 9.52624e-18 2.61404e-17 9.76792e-18 -3.36513e-15 65.3454 -2.43116e-20 -9.41869e-14 -2.58435e-13 -9.65936e-14 3.21113e-16 -2.43116e-20 57.9887
0.01 0.004 217.567 67.7446 79.536 3.16056e-15 9.92775e-18 -9.7284e-14 67.7446 180.388 69.3544 8.67236e-15 2.7242e-17 -2.66931e-13 79.536 69.3544 206.933 3.24136e-15 1.01796e-17 -9.97698e-14 3.16056e-15 8.67236e-15 3.24136e-15 53.9002 -3.50996e-15 3.31955e-16 9.92775e-18 2.7242e-17 1.01796e-17 -3.50996e-15 65.3323 -2.53534e-20 -9.7284e-14 -2.66931e-13 -9.97698e-14 3.31955e-16 -2.53534e-20 57.4615
