0.001 0 87.464 34.216 34.216 0 0 0 34.216 87.464 34.216 0 0 0 34.216 34.216 87.464 0 0 0 0 0 0 26.624 0 0 0 0 0 0 26.624 0 0 0 0 0 0 26.624
0.001 0.0001 86.0478 35.3167 34.1299 -2.23256e-14 3.42386e-14 -6.29817e-12 35.3167 86.0478 34.1299 1.63464e-14 -2.69284e-14 6.5989e-12 34.1299 34.1299 87.4102 -1.63137e-15 1.9945e-15 8.18799e-14 -2.23256e-14 1.63464e-14 -1.63137e-15 25.931 1.10845e-12 -1.09856e-14 3.42386e-14 -2.69284e-14 1.9945e-15 1.10845e-12 25.931 2.43668e-14 -6.29817e-12 6.5989e-12 8.18799e-14 -1.09856e-14 2.43668e-14 25.3656
0.001 0.0002 84.746 36.3046 34.0443 -4.18022e-14 6.40309e-14 -1.14727e-11 36.3046 84.746 34.0443 3.01773e-14 -4.98183e-14 1.20456e-11 34.0443 34.0443 87.3567 -3.17174e-15 3.87776e-15 1.55964e-13 -4.18022e-14 3.01773e-14 -3.17174e-15 25.2731 2.10584e-12 -2.04472e-14 6.40309e-14 -4.98183e-14 3.87776e-15 2.10584e-12 25.2731 4.53535e-14 -1.14727e-11 1.20456e-11 1.55964e-13 -2.04472e-14 4.53535e-14 24.2207
0.001 0.0003 83.5439 37.1944 33.9591 -5.88564e-14 9.00469e-14 -1.57382e-11 37.1944 83.5439 33.9591 4.18943e-14 -6.93092e-14 1.65582e-11 33.9591 33.9591 87.3034 -4.62794e-15 5.6581e-15 2.23265e-13 -5.88564e-14 4.18943e-14 -4.62794e-15 24.6478 3.00438e-12 -2.86202e-14 9.00469e-14 -6.93092e-14 5.6581e-15 3.00438e-12 24.6478 6.34819e-14 -1.57382e-11 1.65582e-11 2.23265e-13 -2.86202e-14 6.34819e-14 23.1747
0.001 0.0004 82.4292 37.9985 33.8743 -7.38386e-14 1.12837e-13 -1.92625e-11 37.9985 82.4292 33.8743 5.18254e-14 -8.5924e-14 2.03079e-11 33.8743 33.8743 87.2504 -6.00612e-15 7.34306e-15 2.84628e-13 -7.38386e-14 5.18254e-14 -6.00612e-15 24.0527 3.81474e-12 -3.56973e-14 1.12837e-13 -8.5924e-14 7.34306e-15 3.81474e-12 24.0527 7.91794e-14 -1.92625e-11 2.03079e-11 2.84628e-13 -3.56973e-14 7.91794e-14 22.2154
0.001 0.0005 81.3916 38.727 33.79 -8.70393e-14 1.32857e-13 -2.21785e-11 38.727 81.3916 33.79 6.02404e-14 -1.00093e-13 2.34301e-11 33.79 33.79 87.1976 -7.31186e-15 8.93945e-15 3.40764e-13 -8.70393e-14 6.02404e-14 -7.31186e-15 23.4856 4.54624e-12 -4.18377e-14 1.32857e-13 -1.00093e-13 8.93945e-15 4.54624e-12 23.4856 9.27993e-14 -2.21785e-11 2.34301e-11 3.40764e-13 -4.18377e-14 9.27993e-14 21.3323
0.001 0.0006 80.4223 39.3888 33.7061 -9.87006e-14 1.50487e-13 -2.45924e-11 39.3888 80.4223 33.7061 6.73631e-14 -1.12174e-13 2.60331e-11 33.7061 33.7061 87.145 -8.55021e-15 1.04535e-14 3.92275e-13 -9.87006e-14 6.73631e-14 -8.55021e-15 22.9447 5.20707e-12 -4.71737e-14 1.50487e-13 -1.12174e-13 1.04535e-14 5.20707e-12 22.9447 1.04635e-13 -2.45924e-11 2.60331e-11 3.92275e-13 -4.71737e-14 1.04635e-13 20.5167
0.001 0.0007 79.5138 39.9914 33.6226 -1.09026e-13 1.66045e-13 -2.65892e-11 39.9914 79.5138 33.6226 7.33797e-14 -1.22464e-13 2.82041e-11 33.6226 33.6226 87.0927 -9.72579e-15 1.18907e-14 4.39675e-13 -1.09026e-13 7.33797e-14 -9.72579e-15 22.4281 5.80445e-12 -5.18159e-14 1.66045e-13 -1.22464e-13 1.18907e-14 5.80445e-12 22.4281 1.14932e-13 -2.65892e-11 2.82041e-11 4.39675e-13 -5.18159e-14 1.14932e-13 19.7612
0.001 0.0008 78.6598 40.5411 33.5396 -1.18186e-13 1.79799e-13 -2.82382e-11 40.5411 78.6598 33.5396 7.84464e-14 -1.31213e-13 3.00136e-11 33.5396 33.5396 87.0406 -1.08428e-14 1.32564e-14 4.83404e-13 -1.18186e-13 7.84464e-14 -1.08428e-14 21.9343 6.34475e-12 -5.58574e-14 1.79799e-13 -1.31213e-13 1.32564e-14 6.34475e-12 21.9343 1.23896e-13 -2.82382e-11 3.00136e-11 4.83404e-13 -5.58574e-14 1.23896e-13 19.0594
0.001 0.0009 77.8547 41.0434 33.4569 -1.26328e-13 1.91977e-13 -2.95955e-11 41.0434 77.8547 33.4569 8.26946e-14 -1.38631e-13 3.15195e-11 33.4569 33.4569 86.9887 -1.19051e-14 1.45551e-14 5.23842e-13 -1.26328e-13 8.26946e-14 -1.19051e-14 21.4617 6.83361e-12 -5.93769e-14 1.91977e-13 -1.38631e-13 1.45551e-14 6.83361e-12 21.4617 1.31703e-13 -2.95955e-11 3.15195e-11 5.23842e-13 -5.93769e-14 1.31703e-13 18.4057
0.001 0.001 77.0937 41.5031 33.3747 -1.33574e-13 2.02773e-13 -3.07075e-11 41.5031 77.0937 33.3747 8.62358e-14 -1.44898e-13 3.27692e-11 33.3747 33.3747 86.9371 -1.29161e-14 1.57912e-14 5.61318e-13 -1.33574e-13 8.62358e-14 -1.29161e-14 21.0091 7.27601e-12 -6.24414e-14 2.02773e-13 -1.44898e-13 1.57912e-14 7.27601e-12 21.0091 1.385e-13 -3.07075e-11 3.27692e-11 5.61318e-13 -6.24414e-14 1.385e-13 17.7953
0.001 0.0011 76.3727 41.9244 33.293 -1.40032e-13 2.12354e-13 -3.16123e-11 41.9244 76.3727 33.293 8.91645e-14 -1.50164e-13 3.38018e-11 33.293 33.293 86.8857 -1.38791e-14 1.69686e-14 5.96119e-13 -1.40032e-13 8.91645e-14 -1.38791e-14 20.5752 7.67641e-12 -6.51079e-14 2.12354e-13 -1.50164e-13 1.69686e-14 7.67641e-12 20.5752 1.44414e-13 -3.16123e-11 3.38018e-11 5.96119e-13 -6.51079e-14 1.44414e-13 17.2242
0.001 0.0012 75.6879 42.3109 33.2116 -1.45794e-13 2.20863e-13 -3.23415e-11 42.3109 75.6879 33.2116 9.15614e-14 -1.54559e-13 3.465e-11 33.2116 33.2116 86.8345 -1.47971e-14 1.80909e-14 6.28498e-13 -1.45794e-13 9.15614e-14 -1.47971e-14 20.1588 8.03877e-12 -6.74254e-14 2.20863e-13 -1.54559e-13 1.80909e-14 8.03877e-12 20.1588 1.49555e-13 -3.23415e-11 3.465e-11 6.28498e-13 -6.74254e-14 1.49555e-13 16.6885
0.001 0.0013 75.0362 42.6658 33.1306 -1.50937e-13 2.28422e-13 -3.29216e-11 42.6658 75.0362 33.1306 9.34958e-14 -1.58195e-13 3.53409e-11 33.1306 33.1306 86.7836 -1.56728e-14 1.91615e-14 6.58675e-13 -1.50937e-13 9.34958e-14 -1.56728e-14 19.759 8.36663e-12 -6.9436e-14 2.28422e-13 -1.58195e-13 1.91615e-14 8.36663e-12 19.759 1.54014e-13 -3.29216e-11 3.53409e-11 6.58675e-13 -6.9436e-14 1.54014e-13 16.1852
0.001 0.0014 74.4148 42.9921 33.05 -1.55532e-13 2.35139e-13 -3.33746e-11 42.9921 74.4148 33.05 9.50272e-14 -1.61167e-13 3.58973e-11 33.05 33.05 86.7328 -1.65086e-14 2.01834e-14 6.86846e-13 -1.55532e-13 9.50272e-14 -1.65086e-14 19.3747 8.66315e-12 -7.11762e-14 2.35139e-13 -1.61167e-13 2.01834e-14 8.66315e-12 19.3747 1.57874e-13 -3.33746e-11 3.58973e-11 6.86846e-13 -7.11762e-14 1.57874e-13 15.7113
0.001 0.0015 73.821 43.2921 32.9699 -1.59637e-13 2.41107e-13 -3.37191e-11 43.2921 73.821 32.9699 9.62068e-14 -1.63558e-13 3.63386e-11 32.9699 32.9699 86.6823 -1.7307e-14 2.11595e-14 7.13183e-13 -1.59637e-13 9.62068e-14 -1.7307e-14 19.0051 8.93116e-12 -7.26776e-14 2.41107e-13 -1.63558e-13 2.11595e-14 8.93116e-12 19.0051 1.61204e-13 -3.37191e-11 3.63386e-11 7.13183e-13 -7.26776e-14 1.61204e-13 15.2644
0.001 0.0016 73.2526 43.5681 32.8901 -1.63306e-13 2.46408e-13 -3.39708e-11 43.5681 73.2526 32.8901 9.70791e-14 -1.6544e-13 3.66809e-11 32.8901 32.8901 86.632 -1.807e-14 2.20923e-14 7.3784e-13 -1.63306e-13 9.70791e-14 -1.807e-14 18.6493 9.17322e-12 -7.39675e-14 2.46408e-13 -1.6544e-13 2.20923e-14 9.17322e-12 18.6493 1.64066e-13 -3.39708e-11 3.66809e-11 7.3784e-13 -7.39675e-14 1.64066e-13 14.8423
0.001 0.0017 72.7078 43.8221 32.8108 -1.66583e-13 2.51112e-13 -3.41431e-11 43.8221 72.7078 32.8108 9.76826e-14 -1.66874e-13 3.69381e-11 32.8108 32.8108 86.5819 -1.87997e-14 2.29844e-14 7.60955e-13 -1.66583e-13 9.76826e-14 -1.87997e-14 18.3066 9.39162e-12 -7.507e-14 2.51112e-13 -1.66874e-13 2.29844e-14 9.39162e-12 18.3066 1.66511e-13 -3.41431e-11 3.69381e-11 7.60955e-13 -7.507e-14 1.66511e-13 14.4428
0.001 0.0018 72.1846 44.056 32.7318 -1.6951e-13 2.55282e-13 -3.42473e-11 44.056 72.1846 32.7318 9.80507e-14 -1.67916e-13 3.71219e-11 32.7318 32.7318 86.5321 -1.94979e-14 2.3838e-14 7.8265e-13 -1.6951e-13 9.80507e-14 -1.94979e-14 17.9762 9.58843e-12 -7.6006e-14 2.55282e-13 -1.67916e-13 2.3838e-14 9.58843e-12 17.9762 1.68587e-13 -3.42473e-11 3.71219e-11 7.8265e-13 -7.6006e-14 1.68587e-13 14.0643
0.001 0.0019 71.6814 44.2712 32.6532 -1.72122e-13 2.58972e-13 -3.42929e-11 44.2712 71.6814 32.6532 9.82128e-14 -1.68612e-13 3.72425e-11 32.6532 32.6532 86.4824 -2.01662e-14 2.46552e-14 8.03036e-13 -1.72122e-13 9.82128e-14 -2.01662e-14 17.6576 9.7655e-12 -7.67938e-14 2.58972e-13 -1.68612e-13 2.46552e-14 9.7655e-12 17.6576 1.70335e-13 -3.42929e-11 3.72425e-11 8.03036e-13 -7.67938e-14 1.70335e-13 13.7051
0.001 0.002 71.1968 44.4692 32.575 -1.74449e-13 2.62233e-13 -3.42884e-11 44.4692 71.1968 32.575 9.81943e-14 -1.69004e-13 3.73083e-11 32.575 32.575 86.433 -2.08064e-14 2.54379e-14 8.22211e-13 -1.74449e-13 9.81943e-14 -2.08064e-14 17.3501 9.92453e-12 -7.74498e-14 2.62233e-13 -1.69004e-13 2.54379e-14 9.92453e-12 17.3501 1.71789e-13 -3.42884e-11 3.73083e-11 8.22211e-13 -7.74498e-14 1.71789e-13 13.3638
