0.0001 0 134.096 45.878 45.878 0 0 0 45.878 134.096 45.878 0 0 0 45.878 45.878 134.096 0 0 0 0 0 0 44.109 0 0 0 0 0 0 44.109 0 0 0 0 0 0 44.109
0.0001 5e-05 124.972 54.6455 45.7892 -1.42205e-10 2.95236e-10 1.02789e-09 54.6455 124.972 45.7892 1.36343e-10 -2.83084e-10 -9.80304e-10 45.7892 45.7892 134.046 -1.45805e-12 3.02279e-12 1.1825e-11 -1.42205e-10 1.36343e-10 -1.45805e-12 38.8295 1.8124e-10 -9.51721e-11 2.95236e-10 -2.83084e-10 3.02279e-12 1.8124e-10 38.8295 1.37734e-10 1.02789e-09 -9.80304e-10 1.1825e-11 -9.51721e-11 1.37734e-10 35.1638
0.0001 0.0001 118.865 60.3968 45.7008 -2.1205e-10 4.40241e-10 1.42756e-09 60.3968 118.865 45.7008 2.01601e-10 -4.18578e-10 -1.3486e-09 45.7008 45.7008 133.997 -2.59918e-12 5.38856e-12 1.96233e-11 -2.1205e-10 2.01601e-10 -2.59918e-12 34.6787 2.89126e-10 -1.41335e-10 4.40241e-10 -4.18578e-10 5.38856e-12 2.89126e-10 34.6788 2.04542e-10 1.42756e-09 -1.3486e-09 1.96233e-11 -1.41335e-10 2.04542e-10 29.2351
0.0001 0.00015 114.47 64.4379 45.6127 -2.46903e-10 5.12597e-10 1.57522e-09 64.4379 114.47 45.6128 2.32771e-10 -4.83299e-10 -1.47406e-09 45.6127 45.6128 133.948 -3.51526e-12 7.28774e-12 2.5138e-11 -2.46903e-10 2.32771e-10 -3.51526e-12 31.3296 3.53968e-10 -1.63895e-10 5.12597e-10 -4.83299e-10 7.28774e-12 3.53968e-10 31.3297 2.37191e-10 1.57522e-09 -1.47406e-09 2.5138e-11 -1.63895e-10 2.37191e-10 25.0171
0.0001 0.0002 111.139 67.4159 45.525 -2.63423e-10 5.46892e-10 1.61135e-09 67.4159 111.139 45.5251 2.46274e-10 -5.11338e-10 -1.49371e-09 45.525 45.5251 133.898 -4.26577e-12 8.84369e-12 2.92333e-11 -2.63423e-10 2.46274e-10 -4.26577e-12 28.5705 3.92489e-10 -1.74154e-10 5.46892e-10 -5.11338e-10 8.84369e-12 3.92489e-10 28.5706 2.52039e-10 1.61135e-09 -1.49371e-09 2.92333e-11 -1.74154e-10 2.52039e-10 21.8628
0.0001 0.00025 108.516 69.6882 45.4376 -2.69824e-10 5.60178e-10 1.59556e-09 69.6882 108.516 45.4377 2.50161e-10 -5.19414e-10 -1.46523e-09 45.4376 45.4377 133.849 -4.89095e-12 1.01398e-11 3.2386e-11 -2.69824e-10 2.50161e-10 -4.89095e-12 26.258 4.14405e-10 -1.77671e-10 5.60178e-10 -5.19414e-10 1.01398e-11 4.14405e-10 26.2581 2.57128e-10 1.59556e-09 -1.46523e-09 3.2386e-11 -1.77671e-10 2.57128e-10 19.4148
0.0001 0.0003 106.386 71.4682 45.3506 -2.70458e-10 5.61491e-10 1.55543e-09 71.4682 106.386 45.3507 2.48672e-10 -5.16325e-10 -1.41506e-09 45.3506 45.3507 133.801 -5.41897e-12 1.12345e-11 3.48811e-11 -2.70458e-10 2.48672e-10 -5.41897e-12 24.2918 4.25601e-10 -1.77379e-10 5.61491e-10 -5.16325e-10 1.12345e-11 4.25601e-10 24.2919 2.56707e-10 1.55543e-09 -1.41506e-09 3.48811e-11 -1.77379e-10 2.56707e-10 17.4599
0.0001 0.00035 104.614 72.8912 45.2639 -2.67755e-10 5.55878e-10 1.50448e-09 72.8912 104.614 45.264 2.44156e-10 -5.06951e-10 -1.356e-09 45.2639 45.264 133.752 -5.87016e-12 1.21699e-11 3.68991e-11 -2.67755e-10 2.44156e-10 -5.87016e-12 22.5995 4.29764e-10 -1.74913e-10 5.55878e-10 -5.06951e-10 1.21699e-11 4.29764e-10 22.5996 2.53138e-10 1.50448e-09 -1.356e-09 3.68991e-11 -1.74913e-10 2.53138e-10 15.8626
0.0001 0.0004 103.111 74.0471 45.1775 -2.63131e-10 5.46274e-10 1.44962e-09 74.0471 103.111 45.1776 2.37966e-10 -4.94102e-10 -1.29445e-09 45.1775 45.1776 133.703 -6.25955e-12 1.29772e-11 3.85601e-11 -2.63131e-10 2.37966e-10 -6.25955e-12 21.1277 4.29267e-10 -1.71219e-10 5.46274e-10 -4.94102e-10 1.29772e-11 4.29267e-10 21.1278 2.47791e-10 1.44962e-09 -1.29445e-09 3.85601e-11 -1.71219e-10 2.47791e-10 14.5331
0.0001 0.00045 101.814 74.998 45.0915 -2.5743e-10 5.34437e-10 1.39441e-09 74.998 101.815 45.0916 2.30903e-10 -4.7944e-10 -1.23366e-09 45.0915 45.0916 133.655 -6.5985e-12 1.36799e-11 3.99472e-11 -2.5743e-10 2.30903e-10 -6.5985e-12 19.8359 4.25675e-10 -1.66858e-10 5.34437e-10 -4.7944e-10 1.36799e-11 4.25675e-10 19.836 2.4148e-10 1.39441e-09 -1.23366e-09 3.99472e-11 -1.66858e-10 2.4148e-10 13.4092
0.0001 0.0005 100.68 75.7883 45.0058 -2.51173e-10 5.21443e-10 1.34069e-09 75.7883 100.68 45.0059 2.2345e-10 -4.63969e-10 -1.17521e-09 45.0058 45.0059 133.607 -6.89573e-12 1.42961e-11 4.11192e-11 -2.51173e-10 2.2345e-10 -6.89573e-12 18.6929 4.20036e-10 -1.62174e-10 5.21443e-10 -4.63969e-10 1.42961e-11 4.20036e-10 18.693 2.34701e-10 1.34069e-09 -1.17521e-09 4.11192e-11 -1.62174e-10 2.34701e-10 12.4466
0.0001 0.00055 99.6746 76.4503 44.9205 -2.44678e-10 5.07957e-10 1.28935e-09 76.4503 99.6747 44.9206 2.159e-10 -4.48296e-10 -1.11985e-09 44.9205 44.9206 133.559 -7.15808e-12 1.484e-11 4.21196e-11 -2.44678e-10 2.159e-10 -7.15808e-12 17.6745 4.13066e-10 -1.57375e-10 5.07957e-10 -4.48296e-10 1.484e-11 4.13066e-10 17.6746 2.27757e-10 1.28935e-09 -1.11985e-09 4.21196e-11 -1.57375e-10 2.27757e-10 11.613
0.0001 0.0006 98.7748 77.0084 44.8355 -2.38146e-10 4.94395e-10 1.24079e-09 77.0084 98.7749 44.8356 2.08432e-10 -4.32793e-10 -1.06783e-09 44.8355 44.8356 133.511 -7.39098e-12 1.53228e-11 4.29808e-11 -2.38146e-10 2.08432e-10 -7.39098e-12 16.7613 4.05256e-10 -1.52592e-10 4.94395e-10 -4.32793e-10 1.53228e-11 4.05256e-10 16.7614 2.20834e-10 1.24079e-09 -1.06783e-09 4.29808e-11 -1.52592e-10 2.20834e-10 10.8841
0.0001 0.00065 97.9618 77.481 44.7508 -2.31702e-10 4.81014e-10 1.19513e-09 77.481 97.9619 44.7509 2.01153e-10 -4.1768e-10 -1.01916e-09 44.7508 44.7509 133.464 -7.59878e-12 1.57536e-11 4.37274e-11 -2.31702e-10 2.01153e-10 -7.59878e-12 15.9378 3.9695e-10 -1.47903e-10 4.81014e-10 -4.1768e-10 1.57536e-11 3.9695e-10 15.9379 2.14048e-10 1.19513e-09 -1.01916e-09 4.37274e-11 -1.47903e-10 2.14048e-10 10.2412
0.0001 0.0007 97.2211 77.8825 44.6664 -2.2542e-10 4.6797e-10 1.15232e-09 77.8825 97.2212 44.6665 1.94122e-10 -4.03084e-10 -9.73734e-10 44.6664 44.6665 133.416 -7.785e-12 1.61397e-11 4.43788e-11 -2.2542e-10 1.94122e-10 -7.785e-12 15.1915 3.88385e-10 -1.43354e-10 4.6797e-10 -4.03084e-10 1.61397e-11 3.88385e-10 15.1916 2.07465e-10 1.15232e-09 -9.73734e-10 4.43788e-11 -1.43354e-10 2.07465e-10 9.67008
0.0001 0.00075 96.5415 78.2244 44.5824 -2.19345e-10 4.55357e-10 1.11225e-09 78.2244 96.5415 44.5825 1.87373e-10 -3.89073e-10 -9.31365e-10 44.5824 44.5825 133.369 -7.95257e-12 1.64871e-11 4.495e-11 -2.19345e-10 1.87373e-10 -7.95257e-12 14.5119 3.7973e-10 -1.38973e-10 4.55357e-10 -3.89073e-10 1.64871e-11 3.7973e-10 14.512 2.01124e-10 1.11225e-09 -9.31365e-10 4.495e-11 -1.38973e-10 2.01124e-10 9.15928
0.0001 0.0008 95.9137 78.5157 44.4987 -2.13501e-10 4.43222e-10 1.07476e-09 78.5157 95.9137 44.4988 1.80921e-10 -3.75678e-10 -8.91845e-10 44.4987 44.4988 133.322 -8.10389e-12 1.68009e-11 4.54532e-11 -2.13501e-10 1.80921e-10 -8.10389e-12 13.8906 3.71102e-10 -1.34771e-10 4.43222e-10 -3.75678e-10 1.68009e-11 3.71102e-10 13.8907 1.95044e-10 1.07476e-09 -8.91845e-10 4.54532e-11 -1.34771e-10 1.95044e-10 8.69973
0.0001 0.00085 95.3305 78.7637 44.4153 -2.07899e-10 4.3159e-10 1.03967e-09 78.7637 95.3305 44.4154 1.74768e-10 -3.62903e-10 -8.54961e-10 44.4153 44.4154 133.275 -8.24098e-12 1.70851e-11 4.58983e-11 -2.07899e-10 1.74768e-10 -8.24098e-12 13.3202 3.62581e-10 -1.30754e-10 4.3159e-10 -3.62903e-10 1.70851e-11 3.62581e-10 13.3203 1.89231e-10 1.03967e-09 -8.54961e-10 4.58983e-11 -1.30754e-10 1.89231e-10 8.28409
0.0001 0.0009 94.7858 78.9744 44.3322 -2.02541e-10 4.20465e-10 1.0068e-09 78.9744 94.7858 44.3323 1.68909e-10 -3.5074e-10 -8.20503e-10 44.3322 44.3323 133.228 -8.36551e-12 1.73432e-11 4.62932e-11 -2.02541e-10 1.68909e-10 -8.36551e-12 12.7949 3.54224e-10 -1.26922e-10 4.20465e-10 -3.5074e-10 1.73432e-11 3.54224e-10 12.795 1.83684e-10 1.0068e-09 -8.20503e-10 4.62932e-11 -1.26922e-10 1.83684e-10 7.90636
0.0001 0.00095 94.2747 79.1529 44.2495 -1.97423e-10 4.09839e-10 9.75984e-10 79.1529 94.2748 44.2495 1.63335e-10 -3.39169e-10 -7.88274e-10 44.2495 44.2495 133.181 -8.47894e-12 1.75784e-11 4.66445e-11 -1.97423e-10 1.63335e-10 -8.47894e-12 12.3094 3.46067e-10 -1.23269e-10 4.09839e-10 -3.39169e-10 1.75784e-11 3.46067e-10 12.3095 1.78397e-10 9.75984e-10 -7.88274e-10 4.66445e-11 -1.23269e-10 1.78397e-10 7.56157
0.0001 0.001 93.7931 79.3031 44.167 -1.92539e-10 3.99699e-10 9.47061e-10 79.3031 93.7931 44.1671 1.58035e-10 -3.28166e-10 -7.5809e-10 44.167 44.1671 133.135 -8.5825e-12 1.77931e-11 4.69578e-11 -1.92539e-10 1.58035e-10 -8.5825e-12 11.8594 3.38134e-10 -1.19789e-10 3.99699e-10 -3.28166e-10 1.77931e-11 3.38134e-10 11.8595 1.73362e-10 9.47061e-10 -7.5809e-10 4.69578e-11 -1.19789e-10 1.73362e-10 7.2456
