0.0001 0 225.469 83.3341 86.1439 0 0 0 83.3341 225.469 86.1439 0 0 0 86.1439 86.1439 215.665 0 0 0 0 0 0 65.4651 0 0 0 0 0 0 65.4651 0 0 0 0 0 0 71.0674
0.0001 5e-05 225.31 82.9232 85.9868 -7.87887e-15 3.16723e-20 1.93487e-11 82.9232 224.338 85.7188 -2.16832e-14 8.71623e-20 5.32489e-11 85.9868 85.7188 215.496 -8.1518e-15 3.27695e-20 2.0019e-11 -7.87887e-15 -2.16832e-14 -8.1518e-15 51.767 6.52962e-13 -1.24683e-14 3.16723e-20 8.71623e-20 3.27695e-20 6.52962e-13 65.4618 4.735e-24 1.93487e-11 5.32489e-11 2.0019e-11 -1.24683e-14 4.735e-24 55.8049
0.0001 0.0001 225.153 82.5164 85.8311 -1.2966e-14 6.30253e-20 3.1697e-11 82.5164 223.219 85.2979 -3.56834e-14 1.73446e-19 8.72322e-11 85.8311 85.2979 215.329 -1.34152e-14 6.52087e-20 3.27951e-11 -1.2966e-14 -3.56834e-14 -1.34152e-14 42.8094 1.0799e-12 -1.69759e-14 6.30253e-20 1.73446e-19 6.52087e-20 1.0799e-12 65.4586 7.79521e-24 3.1697e-11 8.72322e-11 3.27951e-11 -1.69759e-14 7.79521e-24 45.939
0.0001 0.00015 224.996 82.1137 85.6771 -1.64978e-14 9.40639e-20 4.0202e-11 82.1137 222.11 84.8812 -4.54029e-14 2.58864e-19 1.10638e-10 85.6771 84.8812 215.163 -1.70693e-14 9.73225e-20 4.15947e-11 -1.64978e-14 -4.54029e-14 -1.70693e-14 36.4945 1.38083e-12 -1.84464e-14 9.40639e-20 2.58864e-19 9.73225e-20 1.38083e-12 65.4553 9.93552e-24 4.0202e-11 1.10638e-10 4.15947e-11 -1.84464e-14 9.93552e-24 39.0374
0.0001 0.0002 224.842 81.7149 85.5245 -1.90746e-14 1.24793e-19 4.63714e-11 81.7149 221.013 84.4686 -5.24945e-14 3.43429e-19 1.27617e-10 85.5245 84.4686 214.999 -1.97354e-14 1.29116e-19 4.79778e-11 -1.90746e-14 -5.24945e-14 -1.97354e-14 31.8031 1.60436e-12 -1.86341e-14 1.24793e-19 3.43429e-19 1.29116e-19 1.60436e-12 65.452 1.15164e-23 4.63714e-11 1.27617e-10 4.79778e-11 -1.86341e-14 1.15164e-23 33.9387
0.0001 0.00025 224.689 81.3201 85.3734 -2.10235e-14 1.55216e-19 5.1016e-11 81.3201 219.926 84.0601 -5.78579e-14 4.27155e-19 1.40399e-10 85.3734 84.0601 214.836 -2.17518e-14 1.60593e-19 5.27833e-11 -2.10235e-14 -5.78579e-14 -2.17518e-14 28.1806 1.77692e-12 -1.82551e-14 1.55216e-19 4.27155e-19 1.60593e-19 1.77692e-12 65.4487 1.27318e-23 5.1016e-11 1.40399e-10 5.27833e-11 -1.82551e-14 1.27318e-23 30.018
0.0001 0.0003 224.537 80.9291 85.2237 -2.25376e-14 1.85339e-19 5.4611e-11 80.9291 218.85 83.6556 -6.20247e-14 5.10052e-19 1.50292e-10 85.2237 83.6556 214.675 -2.33184e-14 1.9176e-19 5.65027e-11 -2.25376e-14 -6.20247e-14 -2.33184e-14 25.2989 1.91416e-12 -1.76294e-14 1.85339e-19 5.10052e-19 1.9176e-19 1.91416e-12 65.4455 1.36951e-23 5.4611e-11 1.50292e-10 5.65027e-11 -1.76294e-14 1.36951e-23 26.9094
0.0001 0.00035 224.387 80.5419 85.0755 -2.37384e-14 2.15165e-19 5.74529e-11 80.5419 217.785 83.255 -6.53294e-14 5.92134e-19 1.58113e-10 85.0755 83.255 214.515 -2.45608e-14 2.22619e-19 5.94431e-11 -2.37384e-14 -6.53294e-14 -2.45608e-14 22.9518 2.02591e-12 -1.69085e-14 2.15165e-19 5.92134e-19 2.22619e-19 2.02591e-12 65.4422 1.44775e-23 5.74529e-11 1.58113e-10 5.94431e-11 -1.69085e-14 1.44775e-23 24.3842
0.0001 0.0004 224.238 80.1585 84.9286 -2.47062e-14 2.447e-19 5.97366e-11 80.1585 216.729 82.8583 -6.79926e-14 6.73411e-19 1.64398e-10 84.9286 82.8583 214.357 -2.5562e-14 2.53177e-19 6.18059e-11 -2.47062e-14 -6.79926e-14 -2.5562e-14 21.0033 2.11866e-12 -1.61664e-14 2.447e-19 6.73411e-19 2.53177e-19 2.11866e-12 65.4389 1.51254e-23 5.97366e-11 1.64398e-10 6.18059e-11 -1.61664e-14 1.51254e-23 22.2923
0.0001 0.00045 224.09 79.7787 84.7832 -2.54959e-14 2.73946e-19 6.15953e-11 79.7787 215.684 82.4654 -7.0166e-14 7.53897e-19 1.69513e-10 84.7832 82.4654 214.2 -2.63791e-14 2.83437e-19 6.37291e-11 -2.54959e-14 -7.0166e-14 -2.63791e-14 19.3597 2.19687e-12 -1.54395e-14 2.73946e-19 7.53897e-19 2.83437e-19 2.19687e-12 65.4357 1.56708e-23 6.15953e-11 1.69513e-10 6.37291e-11 -1.54395e-14 1.56708e-23 20.5309
0.0001 0.0005 223.944 79.4026 84.6391 -2.61468e-14 3.02909e-19 6.31234e-11 79.4026 214.649 82.0763 -7.19572e-14 8.33602e-19 1.73718e-10 84.6391 82.0763 214.045 -2.70526e-14 3.13403e-19 6.531e-11 -2.61468e-14 -7.19572e-14 -2.70526e-14 17.9547 2.2637e-12 -1.4745e-14 3.02909e-19 8.33602e-19 3.13403e-19 2.2637e-12 65.4324 1.61361e-23 6.31234e-11 1.73718e-10 6.531e-11 -1.4745e-14 1.61361e-23 19.0275
0.0001 0.00055 223.799 79.0302 84.4964 -2.66874e-14 3.31593e-19 6.43892e-11 79.0302 213.624 81.6909 -7.34447e-14 9.12537e-19 1.77202e-10 84.4964 81.6909 213.891 -2.76118e-14 3.4308e-19 6.66197e-11 -2.66874e-14 -7.34447e-14 -2.76118e-14 16.7399 2.32147e-12 -1.40902e-14 3.31593e-19 9.12537e-19 3.4308e-19 2.32147e-12 65.4291 1.65378e-23 6.43892e-11 1.77202e-10 6.66197e-11 -1.40902e-14 1.65378e-23 17.7293
0.0001 0.0006 223.655 78.6612 84.3551 -2.71388e-14 3.6e-19 6.54437e-11 78.6612 212.609 81.3091 -7.46871e-14 9.90713e-19 1.80104e-10 84.3551 81.3091 213.738 -2.80789e-14 3.72471e-19 6.77107e-11 -2.71388e-14 -7.46871e-14 -2.80789e-14 15.679 2.3719e-12 -1.34774e-14 3.6e-19 9.90713e-19 3.72471e-19 2.3719e-12 65.4258 1.6888e-23 6.54437e-11 1.80104e-10 6.77107e-11 -1.34774e-14 1.6888e-23 16.5969
0.0001 0.00065 223.512 78.2957 84.215 -2.75174e-14 3.88136e-19 6.63256e-11 78.2957 211.603 80.931 -7.57289e-14 1.06814e-18 1.82531e-10 84.215 80.931 213.587 -2.84706e-14 4.01582e-19 6.86232e-11 -2.75174e-14 -7.57289e-14 -2.84706e-14 14.7445 2.41629e-12 -1.29061e-14 3.88136e-19 1.06814e-18 4.01582e-19 2.41629e-12 65.4226 1.7196e-23 6.63256e-11 1.82531e-10 6.86232e-11 -1.29061e-14 1.7196e-23 15.6004
0.0001 0.0007 223.371 77.9337 84.0762 -2.78357e-14 4.16004e-19 6.70649e-11 77.9337 210.607 80.5564 -7.66048e-14 1.14483e-18 1.84565e-10 84.0762 80.5564 213.437 -2.87999e-14 4.30416e-19 6.93881e-11 -2.78357e-14 -7.66048e-14 -2.87999e-14 13.9152 2.45568e-12 -1.23742e-14 4.16004e-19 1.14483e-18 4.30416e-19 2.45568e-12 65.4193 1.7469e-23 6.70649e-11 1.84565e-10 6.93881e-11 -1.23742e-14 1.7469e-23 14.7169
0.0001 0.00075 223.231 77.5751 83.9387 -2.81035e-14 4.43608e-19 6.76851e-11 77.5751 209.62 80.1854 -7.73417e-14 1.2208e-18 1.86272e-10 83.9387 80.1854 213.289 -2.9077e-14 4.58976e-19 7.00298e-11 -2.81035e-14 -7.73417e-14 -2.9077e-14 13.1742 2.49085e-12 -1.18792e-14 4.43608e-19 1.2208e-18 4.58976e-19 2.49085e-12 65.416 1.77127e-23 6.76851e-11 1.86272e-10 7.00298e-11 -1.18792e-14 1.77127e-23 13.928
0.0001 0.0008 223.092 77.2198 83.8025 -2.83287e-14 4.70952e-19 6.82049e-11 77.2198 208.642 79.8178 -7.79615e-14 1.29604e-18 1.87702e-10 83.8025 79.8178 213.141 -2.93101e-14 4.87266e-19 7.05676e-11 -2.83287e-14 -7.79615e-14 -2.93101e-14 12.5082 2.52246e-12 -1.14185e-14 4.70952e-19 1.29604e-18 4.87266e-19 2.52246e-12 65.4128 1.79314e-23 6.82049e-11 1.87702e-10 7.05676e-11 -1.14185e-14 1.79314e-23 13.2195
0.0001 0.00085 222.955 76.8678 83.6675 -2.85177e-14 4.98039e-19 6.86393e-11 76.8678 207.674 79.4536 -7.84816e-14 1.37059e-18 1.88897e-10 83.6675 79.4536 212.995 -2.95056e-14 5.15292e-19 7.1017e-11 -2.85177e-14 -7.84816e-14 -2.95056e-14 11.9062 2.551e-12 -1.09892e-14 4.98039e-19 1.37059e-18 5.15292e-19 2.551e-12 65.4095 1.81288e-23 6.86393e-11 1.88897e-10 7.1017e-11 -1.09892e-14 1.81288e-23 12.5795
0.0001 0.0009 222.818 76.5191 83.5337 -2.86757e-14 5.24872e-19 6.90007e-11 76.5191 206.714 79.0928 -7.89163e-14 1.44443e-18 1.89892e-10 83.5337 79.0928 212.851 -2.9669e-14 5.43055e-19 7.13909e-11 -2.86757e-14 -7.89163e-14 -2.9669e-14 11.3595 2.57691e-12 -1.05888e-14 5.24872e-19 1.44443e-18 5.43055e-19 2.57691e-12 65.4062 1.83079e-23 6.90007e-11 1.89892e-10 7.13909e-11 -1.05888e-14 1.83079e-23 11.9986
0.0001 0.00095 222.683 76.1736 83.4011 -2.88069e-14 5.51456e-19 6.92991e-11 76.1736 205.763 78.7353 -7.92772e-14 1.51758e-18 1.90713e-10 83.4011 78.7353 212.707 -2.98048e-14 5.70559e-19 7.16997e-11 -2.88069e-14 -7.92772e-14 -2.98048e-14 10.8608 2.60053e-12 -1.02147e-14 5.51456e-19 1.51758e-18 5.70559e-19 2.60053e-12 65.403 1.84711e-23 6.92991e-11 1.90713e-10 7.16997e-11 -1.02147e-14 1.84711e-23 11.469
0.0001 0.001 222.549 75.8312 83.2697 -2.89149e-14 5.77793e-19 6.9543e-11 75.8312 204.821 78.3811 -7.95743e-14 1.59006e-18 1.91384e-10 83.2697 78.3811 212.565 -2.99165e-14 5.97809e-19 7.1952e-11 -2.89149e-14 -7.95743e-14 -2.99165e-14 10.4041 2.62215e-12 -9.86475e-15 5.77793e-19 1.59006e-18 5.97809e-19 2.62215e-12 65.3997 1.86205e-23 6.9543e-11 1.91384e-10 7.1952e-11 -9.86475e-15 1.86205e-23 10.9842
