0.001 0 134.096 45.878 45.878 0 0 0 45.878 134.096 45.878 0 0 0 45.878 45.878 134.096 0 0 0 0 0 0 44.109 0 0 0 0 0 0 44.109 0 0 0 0 0 0 44.109
0.001 0.0001 134 45.6239 45.791 3.83679e-18 -6.62729e-20 1.29656e-12 45.6239 133.328 45.6239 1.15965e-17 -2.00289e-19 3.91881e-12 45.791 45.6239 134 3.83678e-18 -6.62627e-20 1.29656e-12 3.83679e-18 1.15965e-17 3.83678e-18 41.8305 5.60164e-14 -6.53364e-17 -6.62729e-20 -2.00289e-19 -6.62627e-20 5.60164e-14 44.1046 7.25116e-22 1.29656e-12 3.91881e-12 1.29656e-12 -6.53364e-17 7.25116e-22 41.8305
0.001 0.0002 133.905 45.3727 45.705 7.25514e-18 -1.31778e-19 2.45171e-12 45.3727 132.569 45.3727 2.19281e-17 -3.98257e-19 7.4102e-12 45.705 45.3727 133.905 7.25511e-18 -1.31758e-19 2.45171e-12 7.25514e-18 2.19281e-17 7.25511e-18 39.7759 1.06519e-13 -1.18151e-16 -1.31778e-19 -3.98257e-19 -1.31758e-19 1.06519e-13 44.1002 1.37886e-21 2.45171e-12 7.4102e-12 2.45171e-12 -1.18151e-16 1.37886e-21 39.7759
0.001 0.0003 133.811 45.1244 45.6199 1.03145e-17 -1.96529e-19 3.48555e-12 45.1244 131.818 45.1244 3.11747e-17 -5.93944e-19 1.05349e-11 45.6199 45.1244 133.811 1.03144e-17 -1.96498e-19 3.48554e-12 1.03145e-17 3.11747e-17 1.03144e-17 37.9136 1.52283e-13 -1.6102e-16 -1.96529e-19 -5.93944e-19 -1.96498e-19 1.52283e-13 44.0958 1.97126e-21 3.48555e-12 1.05349e-11 3.48554e-12 -1.6102e-16 1.97126e-21 37.9136
0.001 0.0004 133.718 44.8788 45.5357 1.30636e-17 -2.60538e-19 4.41455e-12 44.8788 131.076 44.8788 3.94836e-17 -7.87386e-19 1.33427e-11 45.5357 44.8788 133.718 1.30636e-17 -2.60497e-19 4.41455e-12 1.30636e-17 3.94836e-17 1.30636e-17 36.218 1.93944e-13 -1.95919e-16 -2.60538e-19 -7.87386e-19 -2.60497e-19 1.93944e-13 44.0913 2.51054e-21 4.41455e-12 1.33427e-11 4.41455e-12 -1.95919e-16 2.51054e-21 36.218
0.001 0.0005 133.626 44.636 45.4525 1.5543e-17 -3.23817e-19 5.2524e-12 44.636 130.342 44.636 4.69771e-17 -9.78623e-19 1.5875e-11 45.4525 44.636 133.626 1.55429e-17 -3.23766e-19 5.2524e-12 1.5543e-17 4.69771e-17 1.55429e-17 34.6675 2.32028e-13 -2.24379e-16 -3.23817e-19 -9.78623e-19 -3.23766e-19 2.32028e-13 44.0869 3.00353e-21 5.2524e-12 1.5875e-11 5.2524e-12 -2.24379e-16 3.00353e-21 34.6675
0.001 0.0006 133.535 44.3959 45.3701 1.77864e-17 -3.8638e-19 6.01049e-12 44.3959 129.617 44.3959 5.37572e-17 -1.16769e-18 1.81662e-11 45.3701 44.3959 133.535 1.77863e-17 -3.86319e-19 6.01049e-12 1.77864e-17 5.37572e-17 1.77863e-17 33.2443 2.66976e-13 -2.47602e-16 -3.8638e-19 -1.16769e-18 -3.86319e-19 2.66976e-13 44.0825 3.45593e-21 6.01049e-12 1.81662e-11 6.01049e-12 -2.47602e-16 3.45593e-21 33.2443
0.001 0.0007 133.445 44.1585 45.2886 1.98222e-17 -4.48237e-19 6.69844e-12 44.1585 128.899 44.1585 5.991e-17 -1.35463e-18 2.02454e-11 45.2886 44.1585 133.445 1.98221e-17 -4.48166e-19 6.69844e-12 1.98222e-17 5.991e-17 1.98221e-17 31.9333 2.9916e-13 -2.66536e-16 -4.48237e-19 -1.35463e-18 -4.48166e-19 2.9916e-13 44.0781 3.87254e-21 6.69844e-12 2.02454e-11 6.69844e-12 -2.66536e-16 3.87254e-21 31.9333
0.001 0.0008 133.355 43.9237 45.208 2.16745e-17 -5.094e-19 7.3244e-12 43.9237 128.189 43.9237 6.55082e-17 -1.53946e-18 2.21373e-11 45.208 43.9237 133.355 2.16744e-17 -5.09319e-19 7.3244e-12 2.16745e-17 6.55082e-17 2.16744e-17 30.7219 3.28893e-13 -2.81938e-16 -5.094e-19 -1.53946e-18 -5.09319e-19 3.28893e-13 44.0737 4.25743e-21 7.3244e-12 2.21373e-11 7.3244e-12 -2.81938e-16 4.25743e-21 30.7219
0.001 0.0009 133.267 43.6914 45.1282 2.3364e-17 -5.69882e-19 7.89532e-12 43.6914 127.487 43.6914 7.06142e-17 -1.72224e-18 2.38627e-11 45.1282 43.6914 133.267 2.33639e-17 -5.6979e-19 7.89531e-12 2.3364e-17 7.06142e-17 2.33639e-17 29.5989 3.56445e-13 -2.94418e-16 -5.69882e-19 -1.72224e-18 -5.6979e-19 3.56445e-13 44.0693 4.61408e-21 7.89532e-12 2.38627e-11 7.89531e-12 -2.94418e-16 4.61408e-21 29.5989
0.001 0.001 133.179 43.4617 45.0493 2.49082e-17 -6.29692e-19 8.41716e-12 43.4617 126.793 43.4617 7.52812e-17 -1.90299e-18 2.54398e-11 45.0493 43.4617 133.179 2.49081e-17 -6.29591e-19 8.41716e-12 2.49082e-17 7.52812e-17 2.49081e-17 28.5552 3.82047e-13 -3.04467e-16 -6.29692e-19 -1.90299e-18 -6.29591e-19 3.82047e-13 44.0649 4.94548e-21 8.41716e-12 2.54398e-11 8.41716e-12 -3.04467e-16 4.94548e-21 28.5552
0.001 0.0011 133.092 43.2344 44.9712 2.63225e-17 -6.88842e-19 8.89508e-12 43.2344 126.106 43.2344 7.95554e-17 -2.08173e-18 2.68842e-11 44.9712 43.2344 133.092 2.63224e-17 -6.88731e-19 8.89508e-12 2.63225e-17 7.95554e-17 2.63224e-17 27.5826 4.05896e-13 -3.12487e-16 -6.88842e-19 -2.08173e-18 -6.88731e-19 4.05896e-13 44.0605 5.25421e-21 8.89508e-12 2.68842e-11 8.89508e-12 -3.12487e-16 5.25421e-21 27.5826
0.001 0.0012 133.006 43.0097 44.8939 2.762e-17 -7.47343e-19 9.33356e-12 43.0097 125.427 43.0097 8.34767e-17 -2.25852e-18 2.82094e-11 44.8939 43.0097 133.006 2.76199e-17 -7.47221e-19 9.33356e-12 2.762e-17 8.34767e-17 2.76199e-17 26.6741 4.28168e-13 -3.18807e-16 -7.47343e-19 -2.25852e-18 -7.47221e-19 4.28168e-13 44.0561 5.54251e-21 9.33356e-12 2.82094e-11 9.33356e-12 -3.18807e-16 5.54251e-21 26.674
0.001 0.0013 132.921 42.7873 44.8174 2.88124e-17 -8.05205e-19 9.73648e-12 42.7873 124.755 42.7873 8.70801e-17 -2.43337e-18 2.9427e-11 44.8174 42.7873 132.921 2.88123e-17 -8.05073e-19 9.73648e-12 2.88124e-17 8.70801e-17 2.88123e-17 25.8235 4.49012e-13 -3.23698e-16 -8.05205e-19 -2.43337e-18 -8.05073e-19 4.49012e-13 44.0517 5.81233e-21 9.73648e-12 2.9427e-11 9.73648e-12 -3.23698e-16 5.81233e-21 25.8234
0.001 0.0014 132.836 42.5673 44.7416 2.99096e-17 -8.62438e-19 1.01073e-11 42.5673 124.09 42.5673 9.0396e-17 -2.60632e-18 3.05476e-11 44.7416 42.5673 132.836 2.99095e-17 -8.62296e-19 1.01073e-11 2.99096e-17 9.0396e-17 2.99095e-17 25.0254 4.68561e-13 -3.27386e-16 -8.62438e-19 -2.60632e-18 -8.62296e-19 4.68561e-13 44.0473 6.06539e-21 1.01073e-11 3.05476e-11 1.01073e-11 -3.27386e-16 6.06539e-21 25.0254
0.001 0.0015 132.752 42.3496 44.6667 3.09207e-17 -9.19052e-19 1.04489e-11 42.3496 123.432 42.3496 9.34513e-17 -2.7774e-18 3.15801e-11 44.6667 42.3496 132.752 3.09205e-17 -9.189e-19 1.04489e-11 3.09207e-17 9.34513e-17 3.09205e-17 24.2752 4.86932e-13 -3.30055e-16 -9.19052e-19 -2.7774e-18 -9.189e-19 4.86932e-13 44.0428 6.30319e-21 1.04489e-11 3.15801e-11 1.04489e-11 -3.30055e-16 6.30319e-21 24.2752
0.001 0.0016 132.669 42.1342 44.5925 3.18533e-17 -9.75058e-19 1.07641e-11 42.1342 122.781 42.1342 9.62697e-17 -2.94664e-18 3.25325e-11 44.5925 42.1342 132.669 3.18532e-17 -9.74895e-19 1.07641e-11 3.18533e-17 9.62697e-17 3.18532e-17 23.5687 5.04227e-13 -3.31864e-16 -9.75058e-19 -2.94664e-18 -9.74895e-19 5.04227e-13 44.0384 6.52707e-21 1.07641e-11 3.25325e-11 1.07641e-11 -3.31864e-16 6.52707e-21 23.5687
0.001 0.0017 132.587 41.9211 44.5191 3.27145e-17 -1.03046e-18 1.10551e-11 41.9211 122.137 41.9211 9.88722e-17 -3.11407e-18 3.3412e-11 44.5191 41.9211 132.587 3.27144e-17 -1.03029e-18 1.10551e-11 3.27145e-17 9.88722e-17 3.27144e-17 22.9022 5.20538e-13 -3.32944e-16 -1.03046e-18 -3.11407e-18 -1.03029e-18 5.20538e-13 44.034 6.73821e-21 1.10551e-11 3.3412e-11 1.10551e-11 -3.32944e-16 6.73821e-21 22.9022
0.001 0.0018 132.506 41.7102 44.4463 3.35105e-17 -1.08528e-18 1.13241e-11 41.7102 121.5 41.7102 1.01277e-16 -3.27971e-18 3.42248e-11 44.4463 41.7102 132.506 3.35104e-17 -1.0851e-18 1.13241e-11 3.35105e-17 1.01277e-16 3.35104e-17 22.2723 5.35945e-13 -3.33404e-16 -1.08528e-18 -3.27971e-18 -1.0851e-18 5.35945e-13 44.0296 6.93765e-21 1.13241e-11 3.42248e-11 1.13241e-11 -3.33404e-16 6.93765e-21 22.2723
0.001 0.0019 132.425 41.5014 44.3744 3.42467e-17 -1.13951e-18 1.15729e-11 41.5014 120.869 41.5014 1.03502e-16 -3.44359e-18 3.49766e-11 44.3744 41.5014 132.425 3.42466e-17 -1.13932e-18 1.15729e-11 3.42467e-17 1.03502e-16 3.42466e-17 21.6761 5.50522e-13 -3.33338e-16 -1.13951e-18 -3.44359e-18 -1.13932e-18 5.50522e-13 44.0252 7.12635e-21 1.15729e-11 3.49766e-11 1.15729e-11 -3.33338e-16 7.12635e-21 21.6761
0.001 0.002 132.345 41.2949 44.3031 3.49281e-17 -1.19318e-18 1.18032e-11 41.2949 120.245 41.2949 1.05561e-16 -3.60575e-18 3.56724e-11 44.3031 41.2949 132.345 3.4928e-17 -1.19298e-18 1.18032e-11 3.49281e-17 1.05561e-16 3.4928e-17 21.111 5.64334e-13 -3.32826e-16 -1.19318e-18 -3.60575e-18 -1.19298e-18 5.64334e-13 44.0208 7.30513e-21 1.18032e-11 3.56724e-11 1.18032e-11 -3.32826e-16 7.30513e-21 21.111
