0.0001 0 320.5 68.1 71.6 0 0 0 68.1 196.5 76.8 0 0 0 71.6 76.8 233.5 0 0 0 0 0 0 64 0 0 0 0 0 0 77 0 0 0 0 0 0 78.7
0.0001 5e-05 281.506 86.9894 72.0883 -4.03575e-10 9.22463e-10 2.25614e-09 86.9894 186.189 76.1763 1.91644e-10 -4.38055e-10 -1.04814e-09 72.0883 76.1763 233.355 3.76108e-12 -8.60005e-12 -1.33136e-11 -4.03575e-10 1.91644e-10 3.76108e-12 57.2938 1.73323e-10 -1.39296e-10 9.22463e-10 -4.38055e-10 -8.60005e-12 1.73323e-10 67.4952 2.48873e-10 2.25614e-09 -1.04814e-09 -1.33136e-11 -1.39296e-10 2.48873e-10 63.2139
0.0001 0.0001 256.839 98.6575 72.3034 -5.97228e-10 1.34243e-09 3.0868e-09 98.6575 179.525 75.693 2.79735e-10 -6.28797e-10 -1.40732e-09 72.3034 75.693 233.216 4.27394e-12 -9.61255e-12 -9.30195e-12 -5.97228e-10 2.79735e-10 4.27394e-12 51.8598 2.79292e-10 -2.10708e-10 1.34243e-09 -6.28797e-10 -9.61255e-12 2.79292e-10 60.079 3.70208e-10 3.0868e-09 -1.40732e-09 -9.30195e-12 -2.10708e-10 3.70208e-10 52.8203
0.0001 0.00015 239.755 106.505 72.3747 -6.92838e-10 1.53625e-09 3.37204e-09 106.505 174.794 75.2848 3.20101e-10 -7.09791e-10 -1.50872e-09 72.3747 75.2848 233.081 3.48248e-12 -7.72948e-12 -6.02905e-13 -6.92838e-10 3.20101e-10 3.48248e-12 47.3672 3.44764e-10 -2.47919e-10 1.53625e-09 -7.09791e-10 -7.72948e-12 3.44764e-10 54.1313 4.29688e-10 3.37204e-09 -1.50872e-09 -6.02905e-13 -2.47919e-10 4.29688e-10 45.3619
0.0001 0.0002 227.171 112.089 72.3614 -7.37988e-10 1.61794e-09 3.42507e-09 112.089 171.21 74.9217 3.36327e-10 -7.3738e-10 -1.50386e-09 72.3614 74.9217 232.948 2.16154e-12 -4.74813e-12 8.92017e-12 -7.37988e-10 3.36327e-10 2.16154e-12 43.5909 3.8493e-10 -2.66565e-10 1.61794e-09 -7.3738e-10 -4.74813e-12 3.8493e-10 49.2551 4.56806e-10 3.42507e-09 -1.50386e-09 8.92017e-12 -2.66565e-10 4.56806e-10 39.7492
0.0001 0.00025 217.476 116.221 72.2944 -7.55529e-10 1.64065e-09 3.37403e-09 116.221 168.364 74.5881 3.3965e-10 -7.37591e-10 -1.45381e-09 72.2944 74.5881 232.818 6.52198e-13 -1.42679e-12 1.80087e-11 -7.55529e-10 3.3965e-10 6.52198e-13 40.3723 4.0881e-10 -2.74624e-10 1.64065e-09 -7.37591e-10 -1.42679e-12 4.0881e-10 45.1848 4.66144e-10 3.37403e-09 -1.45381e-09 1.80087e-11 -2.74624e-10 4.66144e-10 35.3725
0.0001 0.0003 209.745 119.367 72.1914 -7.57387e-10 1.63132e-09 3.27648e-09 119.367 166.02 74.2752 3.35872e-10 -7.23461e-10 -1.38541e-09 72.1914 74.2752 232.688 -8.87273e-13 1.8995e-12 2.62831e-11 -7.57387e-10 3.35872e-10 -8.87273e-13 37.5964 4.2197e-10 -2.7645e-10 1.63132e-09 -7.23461e-10 1.8995e-12 4.2197e-10 41.7359 4.65429e-10 3.27648e-09 -1.38541e-09 2.62831e-11 -2.7645e-10 4.65429e-10 31.864
0.0001 0.00035 203.412 121.812 72.0633 -7.50172e-10 1.60441e-09 3.15986e-09 121.812 164.034 73.9775 3.28172e-10 -7.01906e-10 -1.31112e-09 72.0633 73.9775 232.56 -2.38248e-12 5.08301e-12 3.36796e-11 -7.50172e-10 3.28172e-10 -2.38248e-12 35.1776 4.2796e-10 -2.74544e-10 1.60441e-09 -7.01906e-10 5.08301e-12 4.2796e-10 38.7761 4.58969e-10 3.15986e-09 -1.31112e-09 3.36796e-11 -2.74544e-10 4.58969e-10 28.9887
0.0001 0.0004 198.109 123.744 71.917 -7.37711e-10 1.56806e-09 3.03773e-09 123.744 162.312 73.6912 3.1836e-10 -6.76738e-10 -1.23686e-09 71.917 73.6912 232.433 -3.79972e-12 8.06341e-12 4.02474e-11 -7.37711e-10 3.1836e-10 -3.79972e-12 33.0512 4.29102e-10 -2.70399e-10 1.56806e-09 -6.76738e-10 8.06341e-12 4.29102e-10 36.2084 4.49261e-10 3.03773e-09 -1.23686e-09 4.02474e-11 -2.70399e-10 4.49261e-10 26.5894
0.0001 0.00045 193.586 125.286 71.7574 -7.22294e-10 1.52698e-09 2.91689e-09 125.286 160.792 73.414 3.075e-10 -6.50116e-10 -1.16539e-09 71.7574 73.414 232.307 -5.12575e-12 1.08224e-11 4.60715e-11 -7.22294e-10 3.075e-10 -5.12575e-12 31.1672 4.26951e-10 -2.64931e-10 1.52698e-09 -6.50116e-10 1.08224e-11 4.26951e-10 33.9596 4.37794e-10 2.91689e-09 -1.16539e-09 4.60715e-11 -2.64931e-10 4.37794e-10 24.5569
0.0001 0.0005 189.67 126.527 71.5878 -7.05322e-10 1.48393e-09 2.80064e-09 126.527 159.429 73.1443 2.96226e-10 -6.23274e-10 -1.09795e-09 71.5878 73.1443 232.183 -6.35773e-12 1.33617e-11 5.1242e-11 -7.05322e-10 2.96226e-10 -6.35773e-12 29.4865 4.22563e-10 -2.58717e-10 1.48393e-09 -6.23274e-10 1.33617e-11 4.22563e-10 31.9738 4.25469e-10 2.80064e-09 -1.09795e-09 5.1242e-11 -2.58717e-10 4.25469e-10 22.813
0.0001 0.00055 186.234 127.531 71.4105 -6.87666e-10 1.44056e-09 2.69051e-09 127.531 158.19 72.8807 2.84922e-10 -5.96915e-10 -1.03494e-09 71.4105 72.8807 232.059 -7.49808e-12 1.56926e-11 5.58429e-11 -6.87666e-10 2.84922e-10 -7.49808e-12 27.9777 4.1667e-10 -2.52123e-10 1.44056e-09 -5.96915e-10 1.56926e-11 4.1667e-10 30.2074 4.12844e-10 2.69051e-09 -1.03494e-09 5.58429e-11 -2.52123e-10 4.12844e-10 21.3004
0.0001 0.0006 183.186 128.344 71.2275 -6.69872e-10 1.39786e-09 2.58703e-09 128.344 157.052 72.6224 2.73815e-10 -5.71431e-10 -9.76385e-10 71.2275 72.6224 231.936 -8.55175e-12 1.78303e-11 5.99489e-11 -6.69872e-10 2.73815e-10 -8.55175e-12 26.6158 4.09784e-10 -2.45385e-10 1.39786e-09 -5.71431e-10 1.78303e-11 4.09784e-10 28.6259 4.00258e-10 2.58703e-09 -9.76385e-10 5.99489e-11 -2.45385e-10 4.00258e-10 19.9759
0.0001 0.00065 180.455 129.002 71.0399 -6.52279e-10 1.35639e-09 2.49023e-09 129.002 155.997 72.3687 2.63039e-10 -5.47028e-10 -9.22108e-10 71.0399 72.3687 231.813 -9.52477e-12 1.97909e-11 6.36245e-11 -6.52279e-10 2.63039e-10 -9.52477e-12 25.3804 4.02267e-10 -2.38654e-10 1.35639e-09 -5.47028e-10 1.97909e-11 4.02267e-10 27.2018 3.87919e-10 2.49023e-09 -9.22108e-10 6.36245e-11 -2.38654e-10 3.87919e-10 18.8065
0.0001 0.0007 177.986 129.533 70.8488 -6.35098e-10 1.31647e-09 2.39987e-09 129.533 155.011 72.1189 2.5267e-10 -5.23799e-10 -8.71835e-10 70.8488 72.1189 231.692 -1.04234e-11 2.15906e-11 6.69248e-11 -6.35098e-10 2.5267e-10 -1.04234e-11 24.2545 3.94374e-10 -2.32028e-10 1.31647e-09 -5.23799e-10 2.15906e-11 3.94374e-10 25.9127 3.75953e-10 2.39987e-09 -8.71835e-10 6.69248e-11 -2.32028e-10 3.75953e-10 17.7664
0.0001 0.00075 175.737 129.957 70.6551 -6.18451e-10 1.27825e-09 2.31559e-09 129.957 154.083 71.8728 2.42744e-10 -5.01767e-10 -8.2526e-10 70.6551 71.8728 231.571 -1.12539e-11 2.32442e-11 6.98969e-11 -6.18451e-10 2.42744e-10 -1.12539e-11 23.2243 3.8629e-10 -2.25568e-10 1.27825e-09 -5.01767e-10 2.32442e-11 3.8629e-10 24.7403 3.64427e-10 2.31559e-09 -8.2526e-10 6.98969e-11 -2.25568e-10 3.64427e-10 16.8354
0.0001 0.0008 173.675 130.291 70.4593 -6.02409e-10 1.24179e-09 2.23696e-09 130.291 153.206 71.6299 2.33275e-10 -4.80917e-10 -7.82076e-10 70.4593 71.6299 231.452 -1.20221e-11 2.47657e-11 7.25811e-11 -6.02409e-10 2.33275e-10 -1.20221e-11 22.2781 3.78144e-10 -2.19309e-10 1.24179e-09 -4.80917e-10 2.47657e-11 3.78144e-10 23.6693 3.53376e-10 2.23696e-09 -7.82076e-10 7.25811e-11 -2.19309e-10 3.53376e-10 15.9971
0.0001 0.00085 171.773 130.549 70.2619 -5.87005e-10 1.20709e-09 2.16355e-09 130.549 152.371 71.39 2.24261e-10 -4.61209e-10 -7.41985e-10 70.2619 71.39 231.332 -1.27333e-11 2.61676e-11 7.50114e-11 -5.87005e-10 2.24261e-10 -1.27333e-11 21.4059 3.70031e-10 -2.13274e-10 1.20709e-09 -4.61209e-10 2.61676e-11 3.70031e-10 22.6872 3.42813e-10 2.16355e-09 -7.41985e-10 7.50114e-11 -2.13274e-10 3.42813e-10 15.2383
0.0001 0.0009 170.008 130.743 70.0634 -5.72247e-10 1.17409e-09 2.09494e-09 130.743 151.573 71.1528 2.15692e-10 -4.4259e-10 -7.04714e-10 70.0634 71.1528 231.214 -1.33925e-11 2.74611e-11 7.72172e-11 -5.72247e-10 2.15692e-10 -1.33925e-11 20.5995 3.62017e-10 -2.0747e-10 1.17409e-09 -4.4259e-10 2.74611e-11 3.62017e-10 21.7834 3.32735e-10 2.09494e-09 -7.04714e-10 7.72172e-11 -2.0747e-10 3.32735e-10 14.5482
0.0001 0.00095 168.362 130.881 69.8642 -5.5813e-10 1.14274e-09 2.03074e-09 130.881 150.808 70.9182 2.07551e-10 -4.25002e-10 -6.70009e-10 69.8642 70.9182 231.097 -1.40043e-11 2.86562e-11 7.92238e-11 -5.5813e-10 2.07551e-10 -1.40043e-11 19.8516 3.54146e-10 -2.01902e-10 1.14274e-09 -4.25002e-10 2.86562e-11 3.54146e-10 20.9488 3.23131e-10 2.03074e-09 -6.70009e-10 7.92238e-11 -2.01902e-10 3.23131e-10 13.9179
0.0001 0.001 166.821 130.97 69.6643 -5.44638e-10 1.11296e-09 1.97058e-09 130.97 150.072 70.686 1.9982e-10 -4.08382e-10 -6.3764e-10 69.6643 70.686 230.98 -1.45726e-11 2.97621e-11 8.10527e-11 -5.44638e-10 1.9982e-10 -1.45726e-11 19.1561 3.46452e-10 -1.96567e-10 1.11296e-09 -4.08382e-10 2.97621e-11 3.46452e-10 20.1758 3.13984e-10 1.97058e-09 -6.3764e-10 8.10527e-11 -1.96567e-10 3.13984e-10 13.34
