0.01 0 226.785 82.9713 86.5449 0 0 0 82.9713 226.785 86.5449 0 0 0 86.5449 86.5449 217.563 0 0 0 0 0 0 65.333 0 0 0 0 0 0 65.333 0 0 0 0 0 0 71.9068
0.01 0.0002 224.764 82.4437 85.8441 6.00733e-17 5.986e-16 8.24797e-14 82.4437 224.764 85.8441 -1.67831e-16 -4.46841e-17 4.74365e-14 85.8441 85.8441 217.143 -2.9628e-17 1.52296e-16 3.56708e-14 6.00733e-17 -1.67831e-16 -2.9628e-17 64.9775 1.03124e-15 -5.65939e-17 5.986e-16 -4.46841e-17 1.52296e-16 1.03124e-15 64.9775 -8.49068e-17 8.24797e-14 4.74365e-14 3.56708e-14 -5.65939e-17 -8.49068e-17 71.1601
0.01 0.0004 222.779 81.9215 85.1548 1.18041e-16 1.17965e-15 1.61858e-13 81.9215 222.779 85.1548 -3.30641e-16 -8.68048e-17 9.3205e-14 85.1548 85.1548 216.73 -5.84545e-17 3.00473e-16 7.00315e-14 1.18041e-16 -3.30641e-16 -5.84545e-17 64.6259 2.04022e-15 -1.11418e-16 1.17965e-15 -8.68048e-17 3.00473e-16 2.04022e-15 64.6259 -1.67159e-16 1.61858e-13 9.3205e-14 7.00315e-14 -1.11418e-16 -1.67159e-16 70.4287
0.01 0.0006 220.829 81.4048 84.4766 1.73988e-16 1.74374e-15 2.38265e-13 81.4048 220.829 84.4766 -4.88603e-16 -1.26494e-16 1.37371e-13 84.4766 84.4766 216.323 -8.65041e-17 4.44656e-16 1.03136e-13 1.73988e-16 -4.88603e-16 -8.65041e-17 64.2781 3.02747e-15 -1.64537e-16 1.74374e-15 -1.26494e-16 4.44656e-16 3.02747e-15 64.2781 -2.46851e-16 2.38265e-13 1.37371e-13 1.03136e-13 -1.64537e-16 -2.46851e-16 69.7121
0.01 0.0008 218.914 80.8934 83.8093 2.27992e-16 2.29144e-15 3.11826e-13 80.8934 218.914 83.8093 -6.41883e-16 -1.63878e-16 1.79996e-13 83.8093 83.8093 215.922 -1.138e-16 5.84966e-16 1.35035e-13 2.27992e-16 -6.41883e-16 -1.138e-16 63.934 3.99352e-15 -2.1601e-16 2.29144e-15 -1.63878e-16 5.84966e-16 3.99352e-15 63.934 -3.24076e-16 3.11826e-13 1.79996e-13 1.35035e-13 -2.1601e-16 -3.24076e-16 69.01
0.01 0.001 217.031 80.3874 83.1526 2.8013e-16 2.82329e-15 3.82658e-13 80.3874 217.031 83.1526 -7.9064e-16 -1.99074e-16 2.2114e-13 83.1526 83.1526 215.526 -1.40366e-16 7.21522e-16 1.65778e-13 2.8013e-16 -7.9064e-16 -1.40366e-16 63.5935 4.93888e-15 -2.65897e-16 2.82329e-15 -1.99074e-16 7.21522e-16 4.93888e-15 63.5935 -3.9892e-16 3.82658e-13 2.2114e-13 1.65778e-13 -2.65897e-16 -3.9892e-16 68.3219
0.01 0.0012 215.182 79.8867 82.5063 3.30475e-16 3.33981e-15 4.50874e-13 79.8867 215.182 82.5063 -9.35025e-16 -2.32194e-16 2.60861e-13 82.5063 82.5063 215.137 -1.66224e-16 8.54436e-16 1.95412e-13 3.30475e-16 -9.35025e-16 -1.66224e-16 63.2567 5.86404e-15 -3.14252e-16 3.33981e-15 -2.32194e-16 8.54436e-16 5.86404e-15 63.2567 -4.71467e-16 4.50874e-13 2.60861e-13 1.95412e-13 -3.14252e-16 -4.71467e-16 67.6474
0.01 0.0014 213.363 79.3912 81.8702 3.79095e-16 3.84151e-15 5.16581e-13 79.3912 213.363 81.8702 -1.07519e-15 -2.63343e-16 2.99212e-13 81.8702 81.8702 214.753 -1.91394e-16 9.83818e-16 2.2398e-13 3.79095e-16 -1.07519e-15 -1.91394e-16 62.9234 6.76947e-15 -3.61131e-16 3.84151e-15 -2.63343e-16 9.83818e-16 6.76947e-15 62.9234 -5.41798e-16 5.16581e-13 2.99212e-13 2.2398e-13 -3.61131e-16 -5.41798e-16 66.9861
0.01 0.0016 211.576 78.9009 81.2439 4.26056e-16 4.32887e-15 5.7988e-13 78.9009 211.576 81.2439 -1.21126e-15 -2.92622e-16 3.36245e-13 81.2439 81.2439 214.374 -2.15897e-16 1.10977e-15 2.51524e-13 4.26056e-16 -1.21126e-15 -2.15897e-16 62.5936 7.65565e-15 -4.06583e-16 4.32887e-15 -2.92622e-16 1.10977e-15 7.65565e-15 62.5936 -6.09989e-16 5.7988e-13 3.36245e-13 2.51524e-13 -4.06583e-16 -6.09989e-16 66.3376
0.01 0.0018 209.819 78.4157 80.6273 4.71421e-16 4.80236e-15 6.40867e-13 78.4157 209.819 80.6273 -1.34339e-15 -3.20124e-16 3.72009e-13 80.6273 80.6273 214.001 -2.39753e-16 1.2324e-15 2.78086e-13 4.71421e-16 -1.34339e-15 -2.39753e-16 62.2672 8.52303e-15 -4.50658e-16 4.80236e-15 -3.20124e-16 1.2324e-15 8.52303e-15 62.2672 -6.76114e-16 6.40867e-13 3.72009e-13 2.78086e-13 -4.50658e-16 -6.76114e-16 65.7015
0.01 0.002 208.091 77.9357 80.0202 5.1525e-16 5.26241e-15 6.99637e-13 77.9357 208.091 80.0202 -1.47169e-15 -3.45939e-16 4.06553e-13 80.0202 80.0202 213.633 -2.62981e-16 1.3518e-15 3.03702e-13 5.1525e-16 -1.47169e-15 -2.62981e-16 61.9442 9.37205e-15 -4.93403e-16 5.26241e-15 -3.45939e-16 1.3518e-15 9.37205e-15 61.9442 -7.40243e-16 6.99637e-13 4.06553e-13 3.03702e-13 -4.93403e-16 -7.40243e-16 65.0775
0.01 0.0022 206.391 77.4607 79.4222 5.57601e-16 5.70946e-15 7.56275e-13 77.4607 206.391 79.4222 -1.5963e-15 -3.70152e-16 4.3992e-13 79.4222 79.4222 213.27 -2.85599e-16 1.46806e-15 3.28411e-13 5.57601e-16 -1.5963e-15 -2.85599e-16 61.6246 1.02031e-14 -5.34863e-16 5.70946e-15 -3.70152e-16 1.46806e-15 1.02031e-14 61.6246 -8.02444e-16 7.56275e-13 4.3992e-13 3.28411e-13 -5.34863e-16 -8.02444e-16 64.4652
0.01 0.0024 204.719 76.9907 78.8333 5.98528e-16 6.14391e-15 8.10867e-13 76.9907 204.719 78.8333 -1.71733e-15 -3.92843e-16 4.72156e-13 78.8333 78.8333 212.912 -3.07625e-16 1.58128e-15 3.52246e-13 5.98528e-16 -1.71733e-15 -3.07625e-16 61.3082 1.10167e-14 -5.75081e-16 6.14391e-15 -3.92843e-16 1.58128e-15 1.10167e-14 61.3082 -8.62783e-16 8.10867e-13 4.72156e-13 3.52246e-13 -5.75081e-16 -8.62783e-16 63.8644
0.01 0.0026 203.075 76.5256 78.2532 6.38085e-16 6.56617e-15 8.63492e-13 76.5256 203.075 78.2532 -1.8349e-15 -4.14088e-16 5.03301e-13 78.2532 78.2532 212.559 -3.29077e-16 1.69155e-15 3.75242e-13 6.38085e-16 -1.8349e-15 -3.29077e-16 60.9951 1.18132e-14 -6.14098e-16 6.56617e-15 -4.14088e-16 1.69155e-15 1.18132e-14 60.9951 -9.2132e-16 8.63492e-13 5.03301e-13 3.75242e-13 -6.14098e-16 -9.2132e-16 63.2746
0.01 0.0028 201.457 76.0654 77.6818 6.7632e-16 6.97661e-15 9.14227e-13 76.0654 201.457 77.6818 -1.94912e-15 -4.33958e-16 5.33394e-13 77.6818 77.6818 212.211 -3.4997e-16 1.79894e-15 3.97429e-13 6.7632e-16 -1.94912e-15 -3.4997e-16 60.6852 1.25929e-14 -6.51956e-16 6.97661e-15 -4.33958e-16 1.79894e-15 1.25929e-14 60.6852 -9.78117e-16 9.14227e-13 5.33394e-13 3.97429e-13 -6.51956e-16 -9.78117e-16 62.6957
0.01 0.003 199.865 75.6101 77.1187 7.13283e-16 7.3756e-15 9.63144e-13 75.6101 199.865 77.1187 -2.06009e-15 -4.52523e-16 5.62475e-13 77.1187 77.1187 211.867 -3.7032e-16 1.90355e-15 4.18839e-13 7.13283e-16 -2.06009e-15 -3.7032e-16 60.3783 1.33563e-14 -6.88691e-16 7.3756e-15 -4.52523e-16 1.90355e-15 1.33563e-14 60.3783 -1.03323e-15 9.63144e-13 5.62475e-13 4.18839e-13 -6.88691e-16 -1.03323e-15 62.1272
0.01 0.0032 198.297 75.1595 76.5639 7.49019e-16 7.7635e-15 1.01031e-12 75.1595 198.297 76.5639 -2.16791e-15 -4.69847e-16 5.90578e-13 76.5639 76.5639 211.528 -3.90144e-16 2.00545e-15 4.39501e-13 7.49019e-16 -2.16791e-15 -3.90144e-16 60.0746 1.41038e-14 -7.24341e-16 7.7635e-15 -4.69847e-16 2.00545e-15 1.41038e-14 60.0746 -1.08671e-15 1.01031e-12 5.90578e-13 4.39501e-13 -7.24341e-16 -1.08671e-15 61.569
0.01 0.0034 196.755 74.7137 76.0172 7.83572e-16 8.14064e-15 1.0558e-12 74.7137 196.755 76.0172 -2.27269e-15 -4.8599e-16 6.1774e-13 76.0172 76.0172 211.193 -4.09455e-16 2.10471e-15 4.59442e-13 7.83572e-16 -2.27269e-15 -4.09455e-16 59.7739 1.48356e-14 -7.58941e-16 8.14064e-15 -4.8599e-16 2.10471e-15 1.48356e-14 59.7739 -1.13862e-15 1.0558e-12 6.1774e-13 4.59442e-13 -7.58941e-16 -1.13862e-15 61.0207
0.01 0.0036 195.237 74.2725 75.4783 8.16985e-16 8.50735e-15 1.09967e-12 74.2725 195.237 75.4783 -2.37452e-15 -5.01012e-16 6.43994e-13 75.4783 75.4783 210.863 -4.28269e-16 2.20142e-15 4.7869e-13 8.16985e-16 -2.37452e-15 -4.28269e-16 59.4762 1.55522e-14 -7.92524e-16 8.50735e-15 -5.01012e-16 2.20142e-15 1.55522e-14 59.4762 -1.18901e-15 1.09967e-12 6.43994e-13 4.7869e-13 -7.92524e-16 -1.18901e-15 60.4821
0.01 0.0038 193.742 73.836 74.9472 8.49297e-16 8.86395e-15 1.14198e-12 73.836 193.742 74.9472 -2.47349e-15 -5.14968e-16 6.69372e-13 74.9472 74.9472 210.537 -4.46599e-16 2.29564e-15 4.97269e-13 8.49297e-16 -2.47349e-15 -4.46599e-16 59.1815 1.62539e-14 -8.25125e-16 8.86395e-15 -5.14968e-16 2.29564e-15 1.62539e-14 59.1815 -1.23792e-15 1.14198e-12 6.69372e-13 4.97269e-13 -8.25125e-16 -1.23792e-15 59.9529
0.01 0.004 192.27 73.404 74.4237 8.80547e-16 9.21074e-15 1.1828e-12 73.404 192.27 74.4237 -2.56969e-15 -5.27909e-16 6.93904e-13 74.4237 74.4237 210.215 -4.64458e-16 2.38744e-15 5.15204e-13 8.80547e-16 -2.56969e-15 -4.64458e-16 58.8897 1.69411e-14 -8.56773e-16 9.21074e-15 -5.27909e-16 2.38744e-15 1.69411e-14 58.8897 -1.2854e-15 1.1828e-12 6.93904e-13 5.15204e-13 -8.56773e-16 -1.2854e-15 59.4329
