0.001 0 320.5 68.1 71.6 0 0 0 68.1 196.5 76.8 0 0 0 71.6 76.8 233.5 0 0 0 0 0 0 64 0 0 0 0 0 0 77 0 0 0 0 0 0 78.7
0.001 0.0001 309.592 71.8132 71.2151 -1.70593e-13 1.88952e-13 -3.51362e-11 71.8132 193.336 76.2975 5.66872e-14 -5.64756e-14 2.09199e-11 71.2151 76.2975 233.256 -6.50697e-15 9.30865e-15 1.73675e-12 -1.70593e-13 5.66872e-14 -6.50697e-15 62.5312 -8.50437e-13 -2.17562e-14 1.88952e-13 -5.64756e-14 9.30865e-15 -8.50437e-13 74.8837 7.19328e-14 -3.51362e-11 2.09199e-11 1.73675e-12 -2.17562e-14 7.19328e-14 75.0157
0.001 0.0002 299.766 75.0399 70.8288 -3.17081e-13 3.50038e-13 -6.32683e-11 75.0399 190.417 75.8042 1.03448e-13 -1.02044e-13 3.81162e-11 70.8288 75.8042 233.015 -1.27359e-14 1.81066e-14 3.275e-12 -3.17081e-13 1.03448e-13 -1.27359e-14 61.1282 -1.61824e-12 -4.06338e-14 3.50038e-13 -1.02044e-13 1.81066e-14 -1.61824e-12 72.8806 1.33756e-13 -6.32683e-11 3.81162e-11 3.275e-12 -4.06338e-14 1.33756e-13 71.6609
0.001 0.0003 290.858 77.8557 70.4422 -4.43476e-13 4.88036e-13 -8.58632e-11 77.8557 187.707 75.3194 1.4206e-13 -1.38761e-13 5.23321e-11 70.4422 75.3194 232.776 -1.86911e-14 2.64193e-14 4.64425e-12 -4.43476e-13 1.4206e-13 -1.86911e-14 59.7869 -2.31224e-12 -5.70614e-14 4.88036e-13 -1.38761e-13 2.64193e-14 -2.31224e-12 70.9819 1.87042e-13 -8.58632e-11 5.23321e-11 4.64425e-12 -5.70614e-14 1.87042e-13 68.5934
0.001 0.0004 282.737 80.3215 70.056 -5.52989e-13 6.0675e-13 -1.04042e-10 80.3215 185.177 74.8427 1.73937e-13 -1.68247e-13 6.41401e-11 70.056 74.8427 232.54 -2.43794e-14 3.42726e-14 5.86845e-12 -5.52989e-13 1.73937e-13 -2.43794e-14 58.5031 -2.94019e-12 -7.13922e-14 6.0675e-13 -1.68247e-13 3.42726e-14 -2.94019e-12 69.1797 2.33079e-13 -1.04042e-10 6.41401e-11 5.86845e-12 -7.13922e-14 2.33079e-13 65.7776
0.001 0.0005 275.294 82.4873 69.6707 -6.48215e-13 7.09242e-13 -1.1867e-10 82.4873 182.804 74.3735 2.00211e-13 -1.91793e-13 7.3986e-11 69.6707 74.3735 232.307 -2.98092e-14 4.16922e-14 6.96726e-12 -6.48215e-13 2.00211e-13 -2.98092e-14 57.2734 -3.50889e-12 -8.39195e-14 7.09242e-13 -1.91793e-13 4.16922e-14 -3.50889e-12 67.4666 2.72931e-13 -1.1867e-10 7.3986e-11 6.96726e-12 -8.39195e-14 2.72931e-13 63.184
0.001 0.0006 268.443 84.3939 69.2869 -7.31271e-13 7.97997e-13 -1.30425e-10 84.3939 180.568 73.9115 2.21798e-13 -2.10431e-13 8.22206e-11 69.2869 73.9115 232.077 -3.499e-14 4.8703e-14 7.95701e-12 -7.31271e-13 2.21798e-13 -3.499e-14 56.0942 -4.02433e-12 -9.48886e-14 7.97997e-13 -2.10431e-13 4.8703e-14 -4.02433e-12 65.8364 3.07479e-13 -1.30425e-10 8.22206e-11 7.95701e-12 -9.48886e-14 3.07479e-13 60.7871
0.001 0.0007 262.108 86.0752 68.905 -8.03902e-13 8.75051e-13 -1.39839e-10 86.0752 178.453 73.4565 2.39448e-13 -2.24999e-13 8.9123e-11 68.905 73.4565 231.849 -3.99317e-14 5.5329e-14 8.85129e-12 -8.03902e-13 2.39448e-13 -3.99317e-14 54.9626 -4.4918e-12 -1.04506e-13 8.75051e-13 -2.24999e-13 5.5329e-14 -4.4918e-12 64.2831 3.37461e-13 -1.39839e-10 8.9123e-11 8.85129e-12 -1.04506e-13 3.37461e-13 58.5654
0.001 0.0008 256.229 87.5599 68.5252 -8.67552e-13 9.42083e-13 -1.47337e-10 87.5599 176.446 73.0081 2.53774e-13 -2.36178e-13 9.49169e-11 68.5252 73.0081 231.623 -4.46444e-14 6.15929e-14 9.6616e-12 -8.67552e-13 2.53774e-13 -4.46444e-14 53.8758 -4.91599e-12 -1.12945e-13 9.42083e-13 -2.36178e-13 6.15929e-14 -4.91599e-12 62.8014 3.63495e-13 -1.47337e-10 9.49169e-11 9.6616e-12 -1.12945e-13 3.63495e-13 56.5004
0.001 0.0009 250.753 88.8718 68.1477 -9.23429e-13 1.00049e-12 -1.53257e-10 88.8718 174.535 72.566 2.65286e-13 -2.44528e-13 9.97831e-11 68.1477 72.566 231.4 -4.91384e-14 6.75163e-14 1.03977e-11 -9.23429e-13 2.65286e-13 -4.91384e-14 52.8311 -5.30107e-12 -1.20356e-13 1.00049e-12 -2.44528e-13 6.75163e-14 -5.30107e-12 61.3865 3.86104e-13 -1.53257e-10 9.97831e-11 1.03977e-11 -1.20356e-13 3.86104e-13 54.5761
0.001 0.001 245.636 90.0314 67.7729 -9.72548e-13 1.05144e-12 -1.57874e-10 90.0314 172.71 72.1301 2.74406e-13 -2.50509e-13 1.03869e-10 67.7729 72.1301 231.18 -5.34237e-14 7.31195e-14 1.10678e-11 -9.72548e-13 2.74406e-13 -5.34237e-14 51.8262 -5.65072e-12 -1.26864e-13 1.05144e-12 -2.50509e-13 7.31195e-14 -5.65072e-12 60.0339 4.05733e-13 -1.57874e-10 1.03869e-10 1.10678e-11 -1.26864e-13 4.05733e-13 52.7785
0.001 0.0011 240.839 91.0561 67.4008 -1.01577e-12 1.09592e-12 -1.6141e-10 91.0561 170.963 71.7001 2.81489e-13 -2.54502e-13 1.07295e-10 67.4008 71.7001 230.962 -5.75099e-14 7.84215e-14 1.16791e-11 -1.01577e-12 2.81489e-13 -5.75099e-14 50.8588 -5.96826e-12 -1.32579e-13 1.09592e-12 -2.54502e-13 7.84215e-14 -5.96826e-12 58.7396 4.2276e-13 -1.6141e-10 1.07295e-10 1.16791e-11 -1.32579e-13 4.2276e-13 51.0955
0.001 0.0012 236.33 91.9609 67.0316 -1.05382e-12 1.13476e-12 -1.64048e-10 91.9609 169.288 71.2759 2.86832e-13 -2.56827e-13 1.10161e-10 67.0316 71.2759 230.746 -6.14066e-14 8.34402e-14 1.22378e-11 -1.05382e-12 2.86832e-13 -6.14066e-14 49.9269 -6.25664e-12 -1.37594e-13 1.13476e-12 -2.56827e-13 8.34402e-14 -6.25664e-12 57.5 4.37509e-13 -1.64048e-10 1.10161e-10 1.22378e-11 -1.37594e-13 4.37509e-13 49.5166
0.001 0.0013 232.082 92.7586 66.6653 -1.08733e-12 1.16867e-12 -1.65935e-10 92.7586 167.676 70.8573 2.90687e-13 -2.5775e-13 1.1255e-10 66.6653 70.8573 230.533 -6.51229e-14 8.81922e-14 1.27492e-11 -1.08733e-12 2.90687e-13 -6.51229e-14 49.0284 -6.51849e-12 -1.4199e-13 1.16867e-12 -2.5775e-13 8.81922e-14 -6.51849e-12 56.3116 4.50259e-13 -1.65935e-10 1.1255e-10 1.27492e-11 -1.4199e-13 4.50259e-13 48.0323
0.001 0.0014 228.068 93.4606 66.3021 -1.11683e-12 1.19825e-12 -1.67195e-10 93.4606 166.124 70.4441 2.93267e-13 -2.57493e-13 1.14531e-10 66.3021 70.4441 230.322 -6.86673e-14 9.26931e-14 1.32181e-11 -1.11683e-12 2.93267e-13 -6.86673e-14 48.1618 -6.75619e-12 -1.45838e-13 1.19825e-12 -2.57493e-13 9.26931e-14 -6.75619e-12 55.1713 4.61249e-13 -1.67195e-10 1.14531e-10 1.32181e-11 -1.45838e-13 4.61249e-13 46.6345
0.001 0.0015 224.268 94.0767 65.9421 -1.14278e-12 1.22403e-12 -1.67931e-10 94.0767 164.626 70.0362 2.94753e-13 -2.56245e-13 1.16161e-10 65.9421 70.0362 230.113 -7.20483e-14 9.69575e-14 1.36484e-11 -1.14278e-12 2.94753e-13 -7.20483e-14 47.3252 -6.97187e-12 -1.49199e-13 1.22403e-12 -2.56245e-13 9.69575e-14 -6.97187e-12 54.0763 4.70689e-13 -1.67931e-10 1.16161e-10 1.36484e-11 -1.49199e-13 4.70689e-13 45.3156
0.001 0.0016 220.662 94.6154 65.5851 -1.16559e-12 1.24645e-12 -1.68228e-10 94.6154 163.178 69.6334 2.95302e-13 -2.54166e-13 1.1749e-10 65.5851 69.6334 229.906 -7.52737e-14 1.00999e-13 1.40438e-11 -1.16559e-12 2.95302e-13 -7.52737e-14 46.5172 -7.16744e-12 -1.52126e-13 1.24645e-12 -2.54166e-13 1.00999e-13 -7.16744e-12 53.0239 4.78758e-13 -1.68228e-10 1.1749e-10 1.40438e-11 -1.52126e-13 4.78758e-13 44.0694
0.001 0.0017 217.235 95.0842 65.2314 -1.18561e-12 1.26589e-12 -1.68155e-10 95.0842 161.776 69.2356 2.95045e-13 -2.51391e-13 1.18559e-10 65.2314 69.2356 229.701 -7.83511e-14 1.0483e-13 1.44074e-11 -1.18561e-12 2.95045e-13 -7.83511e-14 45.7364 -7.34463e-12 -1.54667e-13 1.26589e-12 -2.51391e-13 1.0483e-13 -7.34463e-12 52.0117 4.85614e-13 -1.68155e-10 1.18559e-10 1.44074e-11 -1.54667e-13 4.85614e-13 42.8898
0.001 0.0018 213.97 95.4899 64.8809 -1.20313e-12 1.28271e-12 -1.67774e-10 95.4899 160.417 68.8427 2.94097e-13 -2.48034e-13 1.19402e-10 64.8809 68.8427 229.499 -8.12876e-14 1.08463e-13 1.47422e-11 -1.20313e-12 2.94097e-13 -8.12876e-14 44.9813 -7.50501e-12 -1.56863e-13 1.28271e-12 -2.48034e-13 1.08463e-13 -7.50501e-12 51.0374 4.91395e-13 -1.67774e-10 1.19402e-10 1.47422e-11 -1.56863e-13 4.91395e-13 41.7718
0.001 0.0019 210.856 95.8383 64.5336 -1.21843e-12 1.29718e-12 -1.67134e-10 95.8383 159.098 68.4546 2.92557e-13 -2.44193e-13 1.20051e-10 64.5336 68.4546 229.299 -8.409e-14 1.11909e-13 1.50505e-11 -1.21843e-12 2.92557e-13 -8.409e-14 44.2508 -7.65e-12 -1.5875e-13 1.29718e-12 -2.44193e-13 1.11909e-13 -7.65e-12 50.099 4.96222e-13 -1.67134e-10 1.20051e-10 1.50505e-11 -1.5875e-13 4.96222e-13 40.7105
0.001 0.002 207.88 96.1347 64.1895 -1.23173e-12 1.30958e-12 -1.66278e-10 96.1347 157.816 68.0712 2.90509e-13 -2.39951e-13 1.2053e-10 64.1895 68.0712 229.1 -8.67648e-14 1.15178e-13 1.53347e-11 -1.23173e-12 2.90509e-13 -8.67648e-14 43.5436 -7.78086e-12 -1.60361e-13 1.30958e-12 -2.39951e-13 1.15178e-13 -7.78086e-12 49.1944 5.002e-13 -1.66278e-10 1.2053e-10 1.53347e-11 -1.60361e-13 5.002e-13 39.7018
