0.01 0 225.469 83.3341 86.1439 0 0 0 83.3341 225.469 86.1439 0 0 0 86.1439 86.1439 215.665 0 0 0 0 0 0 65.4651 0 0 0 0 0 0 65.4651 0 0 0 0 0 0 71.0674
0.01 0.0002 223.465 82.7989 85.4469 1.98094e-16 2.72819e-16 -2.12884e-13 82.7989 223.465 85.4469 -1.363e-16 4.73117e-17 -1.19483e-13 85.4469 85.4469 215.248 1.69723e-17 8.78762e-17 -9.12072e-14 1.98094e-16 -1.363e-16 1.69723e-17 65.1071 2.79232e-15 7.47987e-17 2.72819e-16 4.73117e-17 8.78762e-17 2.79232e-15 65.1071 1.83769e-17 -2.12884e-13 -1.19483e-13 -9.12072e-14 7.47987e-17 1.83769e-17 70.333
0.01 0.0004 221.497 82.2693 84.7612 3.9013e-16 5.37779e-16 -4.17784e-13 82.2693 221.497 84.7612 -2.68216e-16 9.38059e-17 -2.34785e-13 84.7612 84.7612 214.838 3.34848e-17 1.73371e-16 -1.79076e-13 3.9013e-16 -2.68216e-16 3.34848e-17 64.753 5.52407e-15 1.47262e-16 5.37779e-16 9.38059e-17 1.73371e-16 5.52407e-15 64.753 3.618e-17 -4.17784e-13 -2.34785e-13 -1.79076e-13 1.47262e-16 3.618e-17 69.6136
0.01 0.0006 219.563 81.7454 84.0866 5.76322e-16 7.95139e-16 -6.15035e-13 81.7454 219.563 84.0866 -3.95911e-16 1.39489e-16 -3.46067e-13 84.0866 84.0866 214.434 4.95517e-17 2.56559e-16 -2.63743e-13 5.76322e-16 -3.95911e-16 4.95517e-17 64.4027 8.1967e-15 2.17474e-16 7.95139e-16 1.39489e-16 2.56559e-16 8.1967e-15 64.4027 5.34299e-17 -6.15035e-13 -3.46067e-13 -2.63743e-13 2.17474e-16 5.34299e-17 68.9088
0.01 0.0008 217.663 81.2271 83.4229 7.56873e-16 1.04515e-15 -8.04957e-13 81.2271 217.663 83.4229 -5.1954e-16 1.84369e-16 -4.53487e-13 83.4229 83.4229 214.036 6.51866e-17 3.37508e-16 -3.4534e-13 7.56873e-16 -5.1954e-16 6.51866e-17 64.0562 1.08116e-14 2.85514e-16 1.04515e-15 1.84369e-16 3.37508e-16 1.08116e-14 64.0562 7.01464e-17 -8.04957e-13 -4.53487e-13 -3.4534e-13 2.85514e-16 7.01464e-17 68.2181
0.01 0.001 215.797 80.7143 82.7697 9.3198e-16 1.28805e-15 -9.87853e-13 80.7143 215.797 82.7697 -6.3925e-16 2.28452e-16 -5.57191e-13 82.7697 82.7697 213.643 8.04026e-17 4.16288e-16 -4.23988e-13 9.3198e-16 -6.3925e-16 8.04026e-17 63.7135 1.33703e-14 3.5146e-16 1.28805e-15 2.28452e-16 4.16288e-16 1.33703e-14 63.7135 8.63483e-17 -9.87853e-13 -5.57191e-13 -4.23988e-13 3.5146e-16 8.63483e-17 67.5411
0.01 0.0012 213.962 80.207 82.1268 1.10183e-15 1.52407e-15 -1.16401e-12 80.207 213.962 82.1268 -7.55182e-16 2.71749e-16 -6.57323e-13 82.1268 82.1268 213.256 9.52122e-17 4.92963e-16 -4.99807e-13 1.10183e-15 -7.55182e-16 9.52122e-17 63.3743 1.5874e-14 4.15385e-16 1.52407e-15 2.71749e-16 4.92963e-16 1.5874e-14 63.3743 1.02054e-16 -1.16401e-12 -6.57323e-13 -4.99807e-13 4.15385e-16 1.02054e-16 66.8774
0.01 0.0014 212.159 79.7052 81.494 1.2666e-15 1.75343e-15 -1.3337e-12 79.7052 212.159 81.494 -8.67472e-16 3.14266e-16 -7.54017e-13 81.494 81.494 212.875 1.09628e-16 5.67597e-16 -5.7291e-13 1.2666e-15 -8.67472e-16 1.09628e-16 63.0388 1.83241e-14 4.77359e-16 1.75343e-15 3.14266e-16 5.67597e-16 1.83241e-14 63.0388 1.1728e-16 -1.3337e-12 -7.54017e-13 -5.7291e-13 4.77359e-16 1.1728e-16 66.2267
0.01 0.0016 210.386 79.2087 80.871 1.42646e-15 1.97634e-15 -1.4972e-12 79.2087 210.386 80.871 -9.7625e-16 3.56014e-16 -8.47404e-13 80.871 80.871 212.499 1.23661e-16 6.40251e-16 -6.43402e-13 1.42646e-15 -9.7625e-16 1.23661e-16 62.7067 2.07218e-14 5.3745e-16 1.97634e-15 3.56014e-16 6.40251e-16 2.07218e-14 62.7067 1.32043e-16 -1.4972e-12 -8.47404e-13 -6.43402e-13 5.3745e-16 1.32043e-16 65.5885
0.01 0.0018 208.642 78.7176 80.2577 1.58159e-15 2.19301e-15 -1.65473e-12 78.7176 208.642 80.2577 -1.08164e-15 3.97001e-16 -9.37606e-13 80.2577 80.2577 212.129 1.37323e-16 7.10982e-16 -7.11388e-13 1.58159e-15 -1.08164e-15 1.37323e-16 62.3782 2.30684e-14 5.95723e-16 2.19301e-15 3.97001e-16 7.10982e-16 2.30684e-14 62.3782 1.4636e-16 -1.65473e-12 -9.37606e-13 -7.11388e-13 5.95723e-16 1.4636e-16 64.9624
0.01 0.002 206.928 78.2317 79.6537 1.73213e-15 2.40364e-15 -1.80655e-12 78.2317 206.928 79.6537 -1.18376e-15 4.37238e-16 -1.02474e-12 79.6537 79.6537 211.763 1.50625e-16 7.79848e-16 -7.76963e-13 1.73213e-15 -1.18376e-15 1.50625e-16 62.0531 2.53651e-14 6.52239e-16 2.40364e-15 4.37238e-16 7.79848e-16 2.53651e-14 62.0531 1.60245e-16 -1.80655e-12 -1.02474e-12 -7.76963e-13 6.52239e-16 1.60245e-16 64.3482
0.01 0.0022 205.242 77.7511 79.0589 1.87824e-15 2.6084e-15 -1.95289e-12 77.7511 205.242 79.0589 -1.28272e-15 4.76734e-16 -1.10893e-12 79.0589 79.0589 211.403 1.63577e-16 8.46904e-16 -8.40222e-13 1.87824e-15 -1.28272e-15 1.63577e-16 61.7314 2.7613e-14 7.07057e-16 2.6084e-15 4.76734e-16 8.46904e-16 2.7613e-14 61.7314 1.73713e-16 -1.95289e-12 -1.10893e-12 -8.40222e-13 7.07057e-16 1.73713e-16 63.7455
0.01 0.0024 203.584 77.2756 78.4731 2.02007e-15 2.80749e-15 -2.09394e-12 77.2756 203.584 78.4731 -1.37863e-15 5.15499e-16 -1.19027e-12 78.4731 78.4731 211.048 1.7619e-16 9.12201e-16 -9.01253e-13 2.02007e-15 -1.37863e-15 1.7619e-16 61.4129 2.98133e-14 7.60236e-16 2.80749e-15 5.15499e-16 9.12201e-16 2.98133e-14 61.4129 1.86778e-16 -2.09394e-12 -1.19027e-12 -9.01253e-13 7.60236e-16 1.86778e-16 63.154
0.01 0.0026 201.952 76.8052 77.8961 2.15775e-15 3.00109e-15 -2.22993e-12 76.8052 201.952 77.8961 -1.4716e-15 5.53543e-16 -1.26887e-12 77.8961 77.8961 210.697 1.88473e-16 9.75791e-16 -9.6014e-13 2.15775e-15 -1.4716e-15 1.88473e-16 61.0978 3.19671e-14 8.1183e-16 3.00109e-15 5.53543e-16 9.75791e-16 3.19671e-14 61.0978 1.99454e-16 -2.22993e-12 -1.26887e-12 -9.6014e-13 8.1183e-16 1.99454e-16 62.5734
0.01 0.0028 200.346 76.3398 77.3276 2.29142e-15 3.18934e-15 -2.36104e-12 76.3398 200.346 77.3276 -1.56173e-15 5.90877e-16 -1.34482e-12 77.3276 77.3276 210.351 2.00436e-16 1.03772e-15 -1.01697e-12 2.29142e-15 -1.56173e-15 2.00436e-16 60.7858 3.40755e-14 8.6189e-16 3.18934e-15 5.90877e-16 1.03772e-15 3.40755e-14 60.7858 2.11753e-16 -2.36104e-12 -1.34482e-12 -1.01697e-12 8.6189e-16 2.11753e-16 62.0033
0.01 0.003 198.767 75.8794 76.7675 2.42121e-15 3.37244e-15 -2.48747e-12 75.8794 198.767 76.7675 -1.64911e-15 6.27512e-16 -1.41824e-12 76.7675 76.7675 210.01 2.12088e-16 1.09804e-15 -1.07181e-12 2.42121e-15 -1.64911e-15 2.12088e-16 60.4771 3.61395e-14 9.10469e-16 3.37244e-15 6.27512e-16 1.09804e-15 3.61395e-14 60.4771 2.23688e-16 -2.48747e-12 -1.41824e-12 -1.07181e-12 9.10469e-16 2.23688e-16 61.4435
0.01 0.0032 197.212 75.4239 76.2155 2.54725e-15 3.55051e-15 -2.6094e-12 75.4239 197.212 76.2155 -1.73383e-15 6.63457e-16 -1.4892e-12 76.2155 76.2155 209.673 2.23438e-16 1.1568e-15 -1.12474e-12 2.54725e-15 -1.73383e-15 2.23438e-16 60.1714 3.81601e-14 9.57613e-16 3.55051e-15 6.63457e-16 1.1568e-15 3.81601e-14 60.1714 2.35271e-16 -2.6094e-12 -1.4892e-12 -1.12474e-12 9.57613e-16 2.35271e-16 60.8938
0.01 0.0034 195.681 74.9733 75.6717 2.66965e-15 3.72373e-15 -2.72698e-12 74.9733 195.681 75.6717 -1.81599e-15 6.98723e-16 -1.55779e-12 75.6717 75.6717 209.341 2.34494e-16 1.21404e-15 -1.17583e-12 2.66965e-15 -1.81599e-15 2.34494e-16 59.8689 4.01384e-14 1.00337e-15 3.72373e-15 6.98723e-16 1.21404e-15 4.01384e-14 59.8689 2.46512e-16 -2.72698e-12 -1.55779e-12 -1.17583e-12 1.00337e-15 2.46512e-16 60.3538
0.01 0.0036 194.174 74.5275 75.1356 2.78854e-15 3.89223e-15 -2.8404e-12 74.5275 194.174 75.1356 -1.89567e-15 7.33322e-16 -1.62409e-12 75.1356 75.1356 209.013 2.45265e-16 1.2698e-15 -1.22515e-12 2.78854e-15 -1.89567e-15 2.45265e-16 59.5693 4.20753e-14 1.04778e-15 3.89223e-15 7.33322e-16 1.2698e-15 4.20753e-14 59.5693 2.57424e-16 -2.8404e-12 -1.62409e-12 -1.22515e-12 1.04778e-15 2.57424e-16 59.8233
0.01 0.0038 192.691 74.0865 74.6072 2.90401e-15 4.05616e-15 -2.9498e-12 74.0865 192.691 74.6072 -1.97295e-15 7.67262e-16 -1.68819e-12 74.6072 74.6072 208.689 2.55759e-16 1.32412e-15 -1.27277e-12 2.90401e-15 -1.97295e-15 2.55759e-16 59.2728 4.39717e-14 1.0909e-15 4.05616e-15 7.67262e-16 1.32412e-15 4.39717e-14 59.2728 2.68017e-16 -2.9498e-12 -1.68819e-12 -1.27277e-12 1.0909e-15 2.68017e-16 59.302
0.01 0.004 191.23 73.6501 74.0864 3.01618e-15 4.21565e-15 -3.05533e-12 73.6501 191.23 74.0864 -2.0479e-15 8.00555e-16 -1.75017e-12 74.0864 74.0864 208.369 2.65983e-16 1.37704e-15 -1.31874e-12 3.01618e-15 -2.0479e-15 2.65983e-16 58.9791 4.58285e-14 1.13276e-15 4.21565e-15 8.00555e-16 1.37704e-15 4.58285e-14 58.9791 2.78301e-16 -3.05533e-12 -1.75017e-12 -1.31874e-12 1.13276e-15 2.78301e-16 58.7898
